0 0.701171875 0.2119140625 0.728515625 0.1767578125 0.728515625 0.1669921875 0.73828125 0.1611328125 0.732421875 0.1044921875 0.71484375 0.0830078125 0.7060546875 0.052734375 0.6572265625 0.052734375 0.6484375 0.0419921875 0.658203125 0.0361328125 0.6533203125 0.025390625 0.6669921875 0.03125 0.6689453125 0.025390625 0.6865234375 0.021484375 0.6904296875 0.03125 0.69921875 0.0224609375 0.6962890625 0.0078125 0.72265625 0.0068359375 0.6142578125 0.00390625 0.61328125 0.0205078125 0.626953125 0.0263671875 0.619140625 0.0322265625 0.62109375 0.0634765625 0.59375 0.0947265625 0.595703125 0.1455078125 0.640625 0.2451171875 0.6787109375 0.27734375 0.705078125 0.2802734375 0.72265625 0.2685546875 0.70703125 0.2451171875 0.708984375 0.2275390625 0.701171875 0.2119140625
0 0.876953125 0.2216796875 0.8720703125 0.216796875 0.8525390625 0.21875 0.828125 0.1982421875 0.8125 0.1513671875 0.810546875 0.0888671875 0.7998046875 0.0859375 0.7978515625 0.076171875 0.7802734375 0.072265625 0.7509765625 0.076171875 0.7421875 0.0830078125 0.740234375 0.0966796875 0.751953125 0.1884765625 0.7451171875 0.189453125 0.72265625 0.2158203125 0.73046875 0.2470703125 0.7412109375 0.251953125 0.7587890625 0.244140625 0.7705078125 0.255859375 0.7841796875 0.25 0.7998046875 0.251953125 0.82421875 0.2724609375 0.8369140625 0.29296875 0.857421875 0.2958984375 0.890625 0.2841796875 0.8828125 0.2509765625 0.873046875 0.2431640625 0.876953125 0.2216796875
0 0.986328125 0.2333984375 0.984375 0.1591796875 0.962890625 0.0830078125 0.9365234375 0.0703125 0.927734375 0.0751953125 0.927734375 0.0908203125 0.9375 0.0869140625 0.9296875 0.0986328125 0.943359375 0.1181640625 0.9453125 0.1376953125 0.9326171875 0.15234375 0.9033203125 0.138671875 0.8701171875 0.15625 0.87109375 0.2001953125 0.8779296875 0.212890625 0.89453125 0.2119140625 0.8916015625 0.224609375 0.9189453125 0.228515625 0.9287109375 0.220703125 0.9462890625 0.2265625 0.9453125 0.2705078125 0.9521484375 0.27734375 0.98046875 0.2802734375 0.984375 0.2646484375 0.974609375 0.2509765625 0.974609375 0.2333984375 0.986328125 0.2333984375
0 0.513671875 0.0927734375 0.509765625 0.0732421875 0.4541015625 0.00390625 0.2470703125 0.01171875 0.232421875 0.0322265625 0.23046875 0.0595703125 0.255859375 0.1064453125 0.3408203125 0.15234375 0.361328125 0.1552734375 0.3818359375 0.1484375 0.4365234375 0.103515625 0.5087890625 0.1015625 0.513671875 0.0927734375
0 0.498046875 0.0029296875 0.498046875 0.0185546875 0.5087890625 0.03125 0.5439453125 0.046875 0.560546875 0.0478515625 0.5703125 0.0419921875 0.572265625 0.0302734375 0.5615234375 0 0.498046875 0.0029296875
0 0.248046875 0.1025390625 0.2255859375 0.08984375 0.1650390625 0.09375 0.15625 0.1103515625 0.177734375 0.1533203125 0.2060546875 0.173828125 0.234375 0.1748046875 0.2490234375 0.171875 0.26171875 0.1572265625 0.26171875 0.1337890625 0.248046875 0.1025390625
0 0.2548828125 0.23828125 0.2138671875 0.2265625 0.1962890625 0.23046875 0.177734375 0.2607421875 0.181640625 0.2783203125 0.203125 0.3076171875 0.2236328125 0.322265625 0.2587890625 0.318359375 0.28515625 0.3232421875 0.30859375 0.3017578125 0.302734375 0.2822265625 0.28515625 0.2587890625 0.2548828125 0.23828125
0 0.3232421875 0.208984375 0.3037109375 0.208984375 0.279296875 0.2255859375 0.279296875 0.2373046875 0.2900390625 0.25 0.3076171875 0.263671875 0.345703125 0.2783203125 0.3642578125 0.27734375 0.375 0.2646484375 0.3427734375 0.21875 0.3232421875 0.208984375
0 0.5703125 0.1513671875 0.564453125 0.1416015625 0.5517578125 0.138671875 0.5439453125 0.146484375 0.5263671875 0.146484375 0.4951171875 0.16796875 0.4638671875 0.169921875 0.455078125 0.1845703125 0.45703125 0.2216796875 0.4794921875 0.2421875 0.5146484375 0.240234375 0.5224609375 0.26171875 0.552734375 0.2626953125 0.5771484375 0.259765625 0.59765625 0.2197265625 0.56640625 0.1904296875 0.5703125 0.1513671875
0 0.0576171875 0.466796875 0.03125 0.4775390625 0.025390625 0.5107421875 0.0439453125 0.533203125 0.1015625 0.5361328125 0.109375 0.5283203125 0.109375 0.5107421875 0.0908203125 0.484375 0.0576171875 0.466796875
0 0.224609375 0.5244140625 0.2138671875 0.515625 0.1611328125 0.515625 0.109375 0.5478515625 0.091796875 0.5908203125 0.08984375 0.6103515625 0.095703125 0.6279296875 0.1318359375 0.658203125 0.1630859375 0.673828125 0.197265625 0.6787109375 0.2158203125 0.671875 0.22265625 0.6572265625 0.23046875 0.5419921875 0.224609375 0.5244140625
0 0.3095703125 0.50390625 0.31640625 0.4951171875 0.314453125 0.4501953125 0.3037109375 0.4375 0.2841796875 0.43359375 0.2587890625 0.44921875 0.2470703125 0.4453125 0.2080078125 0.45703125 0.1953125 0.4716796875 0.1953125 0.4853515625 0.19921875 0.5029296875 0.2109375 0.5048828125 0.2275390625 0.4765625 0.2705078125 0.478515625 0.2880859375 0.498046875 0.3095703125 0.50390625
0 0.2861328125 0.43359375 0.271484375 0.4443359375 0.271484375 0.4814453125 0.2958984375 0.501953125 0.30859375 0.5029296875 0.31640625 0.4951171875 0.314453125 0.4521484375 0.3056640625 0.439453125 0.2861328125 0.43359375
0 0.47265625 0.3212890625 0.4404296875 0.29296875 0.4150390625 0.29296875 0.3896484375 0.302734375 0.33984375 0.3583984375 0.33984375 0.3740234375 0.3564453125 0.392578125 0.3916015625 0.412109375 0.4140625 0.4169921875 0.431640625 0.4033203125 0.447265625 0.3701171875 0.47265625 0.3427734375 0.47265625 0.3212890625
0 0.3994140625 0.431640625 0.37890625 0.4365234375 0.373046875 0.4541015625 0.3876953125 0.4765625 0.3994140625 0.484375 0.4375 0.4853515625 0.466796875 0.4736328125 0.46484375 0.4560546875 0.4541015625 0.443359375 0.3994140625 0.431640625
0 0.6298828125 0.296875 0.5908203125 0.302734375 0.5595703125 0.31640625 0.54296875 0.3349609375 0.5390625 0.3603515625 0.5693359375 0.38671875 0.6025390625 0.40234375 0.626953125 0.4033203125 0.658203125 0.3798828125 0.662109375 0.3408203125 0.654296875 0.3212890625 0.6298828125 0.296875
0 0.5361328125 0.3671875 0.4912109375 0.369140625 0.48046875 0.3896484375 0.482421875 0.4306640625 0.4990234375 0.439453125 0.501953125 0.4521484375 0.513671875 0.4599609375 0.5458984375 0.4375 0.560546875 0.4150390625 0.560546875 0.4013671875 0.5361328125 0.3671875
0 0.55859375 0.5263671875 0.5419921875 0.51171875 0.4951171875 0.501953125 0.474609375 0.5126953125 0.4609375 0.5380859375 0.453125 0.6494140625 0.45703125 0.6708984375 0.478515625 0.6884765625 0.48046875 0.7021484375 0.4951171875 0.712890625 0.5078125 0.7138671875 0.5390625 0.6767578125 0.55859375 0.6298828125 0.5625 0.5380859375 0.55859375 0.5263671875
0 0.6142578125 0.42578125 0.587890625 0.4423828125 0.587890625 0.4873046875 0.6201171875 0.51953125 0.63671875 0.5205078125 0.640625 0.4912109375 0.62890625 0.4716796875 0.62890625 0.4326171875 0.6142578125 0.42578125
0 0.71484375 0.6162109375 0.7265625 0.5888671875 0.728515625 0.5341796875 0.6748046875 0.51953125 0.6611328125 0.521484375 0.64453125 0.5361328125 0.626953125 0.5810546875 0.625 0.6318359375 0.6328125 0.6455078125 0.6611328125 0.662109375 0.6904296875 0.697265625 0.7021484375 0.703125 0.73046875 0.7021484375 0.7578125 0.6650390625 0.76171875 0.6416015625 0.7509765625 0.6171875 0.71484375 0.6162109375
0 0.7919921875 0.357421875 0.7841796875 0.33203125 0.7490234375 0.326171875 0.7421875 0.3369140625 0.7421875 0.3525390625 0.763671875 0.4033203125 0.7841796875 0.412109375 0.791015625 0.4072265625 0.7890625 0.3935546875 0.7998046875 0.390625 0.8115234375 0.416015625 0.833984375 0.4150390625 0.845703125 0.4072265625 0.841796875 0.3759765625 0.8212890625 0.359375 0.7919921875 0.357421875
0 0.7998046875 0.42578125 0.798828125 0.4443359375 0.7763671875 0.451171875 0.763671875 0.4619140625 0.7685546875 0.474609375 0.7890625 0.4736328125 0.8466796875 0.470703125 0.84765625 0.4404296875 0.8291015625 0.419921875 0.7998046875 0.42578125
0 0.7900390625 0.640625 0.767578125 0.6728515625 0.771484375 0.7001953125 0.791015625 0.7021484375 0.8583984375 0.69921875 0.861328125 0.6455078125 0.8291015625 0.623046875 0.7900390625 0.640625
0 0.7685546875 0.560546875 0.759765625 0.6103515625 0.794921875 0.6103515625 0.8251953125 0.59375 0.828125 0.5791015625 0.8154296875 0.5703125 0.7685546875 0.560546875
0 0.921875 0.5947265625 0.8779296875 0.5859375 0.8681640625 0.58984375 0.857421875 0.6279296875 0.86328125 0.6357421875 0.8759765625 0.6171875 0.9033203125 0.626953125 0.9150390625 0.625 0.921875 0.5947265625
0 0.0595703125 0.6640625 0.0146484375 0.662109375 0.005859375 0.6689453125 0.009765625 0.7802734375 0.017578125 0.7861328125 0.0703125 0.7646484375 0.078125 0.7373046875 0.080078125 0.6865234375 0.0595703125 0.6640625
0 0.220703125 0.7216796875 0.2099609375 0.70703125 0.1806640625 0.71484375 0.1494140625 0.748046875 0.1240234375 0.7578125 0.083984375 0.7861328125 0.0859375 0.8115234375 0.1123046875 0.83203125 0.197265625 0.8642578125 0.20703125 0.8486328125 0.203125 0.7998046875 0.224609375 0.7509765625 0.220703125 0.7216796875
0 0.2939453125 0.716796875 0.28125 0.7236328125 0.287109375 0.7529296875 0.3095703125 0.78125 0.3251953125 0.7890625 0.380859375 0.7900390625 0.392578125 0.7724609375 0.3759765625 0.7421875 0.3115234375 0.71875 0.2939453125 0.716796875
0 0.255859375 0.5458984375 0.255859375 0.5634765625 0.2734375 0.5654296875 0.2890625 0.5517578125 0.2890625 0.5380859375 0.2783203125 0.53125 0.255859375 0.5458984375
0 0.2626953125 0.65625 0.24609375 0.6728515625 0.2509765625 0.681640625 0.2890625 0.6884765625 0.296875 0.6806640625 0.296875 0.6669921875 0.2861328125 0.65234375 0.2626953125 0.65625
0 0.572265625 0.8505859375 0.5859375 0.8095703125 0.5859375 0.7685546875 0.5771484375 0.76171875 0.5537109375 0.759765625 0.5126953125 0.77734375 0.505859375 0.7490234375 0.4873046875 0.73828125 0.4404296875 0.771484375 0.40625 0.8095703125 0.4228515625 0.82421875 0.5087890625 0.84375 0.5439453125 0.859375 0.548828125 0.8662109375 0.55078125 0.9287109375 0.556640625 0.9306640625 0.568359375 0.9248046875 0.572265625 0.9130859375 0.568359375 0.8857421875 0.572265625 0.8505859375
0 0.7392578125 0.796875 0.6689453125 0.77734375 0.654296875 0.7880859375 0.642578125 0.8212890625 0.638671875 0.8857421875 0.65625 0.8876953125 0.662109375 0.8603515625 0.7197265625 0.8359375 0.73828125 0.8173828125 0.7392578125 0.796875
0 1 0.8623046875 0.9853515625 0.853515625 0.9384765625 0.857421875 0.9072265625 0.845703125 0.8779296875 0.84375 0.875 0.8291015625 0.8623046875 0.826171875 0.8427734375 0.833984375 0.8388671875 0.841796875 0.8310546875 0.837890625 0.8173828125 0.845703125 0.8115234375 0.857421875 0.8017578125 0.857421875 0.787109375 0.8779296875 0.779296875 0.8798828125 0.775390625 0.8955078125 0.763671875 0.9013671875 0.865234375 0.9228515625 0.8603515625 0.931640625 0.8466796875 0.9296875 0.8427734375 0.94140625 0.822265625 0.9462890625 0.8359375 0.9580078125 0.828125 0.9638671875 0.8310546875 0.96875 0.8408203125 0.96875 0.8564453125 0.951171875 0.8720703125 0.955078125 0.8671875 0.9658203125 0.87109375 0.9736328125 0.8310546875 0.9765625 0.8291015625 0.984375 0.935546875 0.9833984375 1 0.9794921875 0.9970703125 0.974609375 0.91015625 0.9716796875 1 0.9677734375 0.994140625 0.9560546875 1 0.9521484375 1 0.8623046875