0 0.111328125 0.4482421875 0.111328125 0.4306640625 0.12109375 0.3994140625 0.134765625 0.3876953125 0.134765625 0.3564453125 0.123046875 0.3330078125 0.1142578125 0.328125 0.064453125 0.3486328125 0.03515625 0.4130859375 0.02734375 0.4931640625 0.041015625 0.5048828125 0.04296875 0.5341796875 0.05859375 0.5380859375 0.0712890625 0.53515625 0.123046875 0.4775390625 0.123046875 0.4658203125 0.111328125 0.4482421875
0 0.19921875 0.2607421875 0.2080078125 0.19921875 0.1943359375 0.19921875 0.185546875 0.2099609375 0.169921875 0.2880859375 0.16796875 0.3330078125 0.15625 0.3564453125 0.15625 0.4072265625 0.171875 0.4169921875 0.1953125 0.3837890625 0.212890625 0.3388671875 0.2109375 0.2958984375 0.19921875 0.2607421875
0 0.240234375 0.4443359375 0.2353515625 0.42578125 0.220703125 0.4345703125 0.193359375 0.4736328125 0.19921875 0.4873046875 0.19140625 0.4892578125 0.181640625 0.5068359375 0.1796875 0.6201171875 0.193359375 0.6240234375 0.212890625 0.5927734375 0.22265625 0.5537109375 0.23046875 0.4794921875 0.240234375 0.4443359375
0 0.154296875 0.6181640625 0.1494140625 0.603515625 0.1396484375 0.603515625 0.126953125 0.6259765625 0.08984375 0.6630859375 0.0859375 0.7021484375 0.09375 0.7119140625 0.091796875 0.7236328125 0.111328125 0.7255859375 0.12109375 0.6962890625 0.134765625 0.6884765625 0.150390625 0.6552734375 0.154296875 0.6181640625
0 0.3212890625 0.365234375 0.3154296875 0.365234375 0.2998046875 0.384765625 0.287109375 0.3876953125 0.28125 0.4091796875 0.28515625 0.4638671875 0.298828125 0.4677734375 0.30859375 0.4580078125 0.326171875 0.4169921875 0.326171875 0.3720703125 0.3212890625 0.365234375
0 0.287109375 0.1787109375 0.27734375 0.2216796875 0.2802734375 0.228515625 0.291015625 0.2294921875 0.3046875 0.2138671875 0.30859375 0.1884765625 0.2978515625 0.173828125 0.287109375 0.1787109375
0 0.3671875 0.2451171875 0.3671875 0.2783203125 0.373046875 0.2802734375 0.38671875 0.2392578125 0.3837890625 0.19140625 0.376953125 0.1943359375 0.3671875 0.2451171875
0 0.4248046875 0.2578125 0.41015625 0.2705078125 0.3984375 0.3271484375 0.404296875 0.3349609375 0.4140625 0.3076171875 0.427734375 0.2978515625 0.4296875 0.2626953125 0.4248046875 0.2578125
0 0.423828125 0.3427734375 0.421875 0.3681640625 0.431640625 0.3720703125 0.443359375 0.3349609375 0.4404296875 0.32421875 0.427734375 0.3310546875 0.423828125 0.3427734375
0 0.4609375 0.3740234375 0.451171875 0.4150390625 0.451171875 0.4267578125 0.458984375 0.4267578125 0.474609375 0.3857421875 0.474609375 0.3740234375 0.4677734375 0.369140625 0.4609375 0.3740234375
0 0.48046875 0.5205078125 0.48046875 0.5400390625 0.490234375 0.5478515625 0.50390625 0.4873046875 0.4970703125 0.470703125 0.490234375 0.4736328125 0.48046875 0.5205078125
0 0.2568359375 0.572265625 0.2490234375 0.572265625 0.244140625 0.5810546875 0.236328125 0.6181640625 0.240234375 0.6357421875 0.248046875 0.6318359375 0.25390625 0.6162109375 0.26171875 0.5771484375 0.2568359375 0.572265625
0 0.365234375 0.5654296875 0.3515625 0.6220703125 0.3515625 0.6298828125 0.36328125 0.6337890625 0.3828125 0.5888671875 0.384765625 0.5576171875 0.3798828125 0.544921875 0.365234375 0.5654296875
0 0.443359375 0.7255859375 0.44921875 0.7041015625 0.4296875 0.7001953125 0.42578125 0.7197265625 0.443359375 0.7255859375
0 0.5703125 0.3779296875 0.576171875 0.3779296875 0.587890625 0.3349609375 0.5849609375 0.322265625 0.5703125 0.3681640625 0.5703125 0.3779296875