0 0.123046875 0.3876953125 0.138671875 0.3701171875 0.142578125 0.3349609375 0.1259765625 0.30859375 0.0771484375 0.32421875 0.0625 0.3408203125 0.041015625 0.3857421875 0.02734375 0.4658203125 0.037109375 0.4814453125 0.0390625 0.5107421875 0.06640625 0.5146484375 0.11328125 0.4736328125 0.126953125 0.4521484375 0.115234375 0.4169921875 0.123046875 0.3876953125
0 0.212890625 0.2392578125 0.2255859375 0.1796875 0.2099609375 0.181640625 0.201171875 0.1962890625 0.1796875 0.2802734375 0.17578125 0.3232421875 0.1640625 0.3388671875 0.162109375 0.3896484375 0.17578125 0.3994140625 0.201171875 0.3681640625 0.22265625 0.3212890625 0.22265625 0.2783203125 0.212890625 0.2392578125
0 0.21484375 0.4287109375 0.201171875 0.4697265625 0.181640625 0.4912109375 0.173828125 0.6025390625 0.189453125 0.6064453125 0.20703125 0.5810546875 0.220703125 0.5361328125 0.2412109375 0.419921875 0.21484375 0.4287109375
0 0.1484375 0.5888671875 0.1435546875 0.583984375 0.1298828125 0.587890625 0.12109375 0.6044921875 0.083984375 0.6376953125 0.078125 0.6630859375 0.0927734375 0.673828125 0.107421875 0.6728515625 0.130859375 0.6611328125 0.142578125 0.6357421875 0.1484375 0.6142578125 0.1484375 0.5888671875
0 0.3115234375 0.162109375 0.302734375 0.1708984375 0.29296875 0.2080078125 0.29296875 0.2158203125 0.3046875 0.2197265625 0.318359375 0.2080078125 0.32421875 0.1845703125 0.32421875 0.1708984375 0.3115234375 0.162109375
0 0.3232421875 0.357421875 0.3134765625 0.375 0.291015625 0.3798828125 0.287109375 0.3955078125 0.287109375 0.4521484375 0.298828125 0.4580078125 0.3125 0.4443359375 0.33203125 0.4033203125 0.33203125 0.3623046875 0.3232421875 0.357421875
0 0.3759765625 0.54296875 0.359375 0.5615234375 0.345703125 0.6083984375 0.34375 0.6201171875 0.35546875 0.6279296875 0.3671875 0.6162109375 0.37890625 0.5810546875 0.3828125 0.5556640625 0.3759765625 0.54296875
0 0.3828125 0.2275390625 0.37890625 0.2685546875 0.384765625 0.2724609375 0.400390625 0.2333984375 0.3994140625 0.185546875 0.392578125 0.1904296875 0.3828125 0.2275390625
0 0.423828125 0.2607421875 0.408203125 0.3193359375 0.408203125 0.3291015625 0.4140625 0.3291015625 0.44140625 0.2880859375 0.4453125 0.2607421875 0.4365234375 0.25390625 0.423828125 0.2607421875
0 0.431640625 0.3388671875 0.4296875 0.3642578125 0.4375 0.3681640625 0.447265625 0.3486328125 0.4501953125 0.32421875 0.4384765625 0.326171875 0.431640625 0.3388671875
0 0.455078125 0.4130859375 0.455078125 0.4248046875 0.462890625 0.4248046875 0.482421875 0.3779296875 0.4736328125 0.3671875 0.462890625 0.3818359375 0.455078125 0.4130859375
0 0.490234375 0.4775390625 0.478515625 0.5224609375 0.48046875 0.5458984375 0.48828125 0.5478515625 0.50390625 0.4912109375 0.50390625 0.4775390625 0.4970703125 0.470703125 0.490234375 0.4775390625
0 0.578125 0.3662109375 0.576171875 0.3798828125 0.58203125 0.3818359375 0.595703125 0.3427734375 0.5947265625 0.326171875 0.587890625 0.3310546875 0.578125 0.3662109375
0 0.560546875 0.4443359375 0.552734375 0.4931640625 0.537109375 0.5224609375 0.537109375 0.5302734375 0.54296875 0.5302734375 0.548828125 0.5107421875 0.5625 0.4931640625 0.5712890625 0.44140625 0.560546875 0.4443359375