0 0.7587890625 0.884765625 0.7431640625 0.84765625 0.7314453125 0.849609375 0.6875 0.8935546875 0.669921875 0.9638671875 0.61328125 0.9794921875 0.6201171875 1 0.88671875 0.9990234375 0.876953125 0.9658203125 0.84765625 0.9306640625 0.8134765625 0.90234375 0.7587890625 0.884765625
0 0.5986328125 0.890625 0.5849609375 0.890625 0.578125 0.9052734375 0.58203125 0.9697265625 0.546875 0.9990234375 0.6171875 0.9990234375 0.611328125 0.9560546875 0.619140625 0.9443359375 0.62109375 0.9169921875 0.5986328125 0.890625
0 0.5322265625 0.79296875 0.5009765625 0.810546875 0.4462890625 0.8046875 0.435546875 0.8115234375 0.419921875 0.8466796875 0.419921875 0.8681640625 0.4248046875 0.87109375 0.546875 0.8701171875 0.5966796875 0.84375 0.609375 0.8310546875 0.5498046875 0.79296875 0.5322265625 0.79296875
0 0.49609375 0.2470703125 0.4990234375 0.240234375 0.435546875 0.2412109375 0.4404296875 0.24609375 0.49609375 0.2470703125
0 0.552734375 0.3212890625 0.5517578125 0.31640625 0.494140625 0.3173828125 0.4951171875 0.322265625 0.552734375 0.3212890625
0 0.541015625 0.2568359375 0.5419921875 0.25 0.509765625 0.2529296875 0.5166015625 0.2578125 0.541015625 0.2568359375
0 0.568359375 0.1923828125 0.5732421875 0.201171875 0.603515625 0.2001953125 0.611328125 0.1923828125 0.6025390625 0.18359375 0.5771484375 0.185546875 0.568359375 0.1923828125
0 0.6240234375 0.328125 0.599609375 0.3388671875 0.6025390625 0.345703125 0.6240234375 0.349609375 0.69140625 0.3505859375 0.69921875 0.3486328125 0.69921875 0.3369140625 0.6806640625 0.328125 0.6240234375 0.328125
0 0.64453125 0.2998046875 0.6455078125 0.287109375 0.58984375 0.2900390625 0.5927734375 0.298828125 0.64453125 0.2998046875
0 0.6806640625 0.24609375 0.728515625 0.2451171875 0.7236328125 0.23828125 0.7001953125 0.236328125 0.677734375 0.2412109375 0.6806640625 0.24609375
0 0.9111328125 0.32421875 0.8720703125 0.33984375 0.8408203125 0.33984375 0.7978515625 0.322265625 0.77734375 0.3251953125 0.77734375 0.3486328125 0.7822265625 0.353515625 0.859375 0.3759765625 0.8466796875 0.380859375 0.8466796875 0.38671875 0.8916015625 0.392578125 0.90625 0.3818359375 0.890625 0.3740234375 0.9072265625 0.37109375 0.9853515625 0.40625 1 0.4052734375 0.9990234375 0.31640625 0.9619140625 0.306640625 0.9208984375 0.3046875 0.9111328125 0.32421875
0 0.8330078125 0.427734375 0.8125 0.4306640625 0.8125 0.4384765625 0.8349609375 0.466796875 0.8623046875 0.48046875 0.8818359375 0.501953125 0.8955078125 0.5078125 0.9033203125 0.521484375 0.92578125 0.5224609375 0.93359375 0.4853515625 0.9208984375 0.458984375 0.8544921875 0.44140625 0.8330078125 0.427734375
0 0.8388671875 0.513671875 0.7685546875 0.50390625 0.748046875 0.5224609375 0.7587890625 0.546875 0.822265625 0.5654296875 0.8427734375 0.564453125 0.85546875 0.5537109375 0.8515625 0.5302734375 0.8388671875 0.513671875
0 0.7001953125 0.537109375 0.6962890625 0.529296875 0.6953125 0.5400390625 0.6875 0.5419921875 0.6953125 0.5185546875 0.708984375 0.5185546875 0.712890625 0.4951171875 0.6943359375 0.47265625 0.6669921875 0.470703125 0.6474609375 0.458984375 0.6103515625 0.458984375 0.60546875 0.4755859375 0.615234375 0.4833984375 0.611328125 0.4892578125 0.63671875 0.5009765625 0.6279296875 0.505859375 0.6494140625 0.505859375 0.662109375 0.5166015625 0.6591796875 0.521484375 0.6396484375 0.517578125 0.61328125 0.5302734375 0.61328125 0.5693359375 0.62109375 0.5751953125 0.625 0.5947265625 0.6337890625 0.603515625 0.68359375 0.6044921875 0.7060546875 0.59765625 0.71484375 0.5869140625 0.71484375 0.5361328125 0.7001953125 0.537109375
0 0.6318359375 0.45703125 0.6103515625 0.458984375 0.60546875 0.4658203125 0.6103515625 0.478515625 0.6552734375 0.50390625 0.7109375 0.5126953125 0.712890625 0.4931640625 0.69921875 0.4833984375 0.6962890625 0.47265625 0.6318359375 0.45703125
0 0.3671875 0.4306640625 0.3662109375 0.44921875 0.400390625 0.4482421875 0.4228515625 0.4375 0.42578125 0.4287109375 0.3720703125 0.42578125 0.3671875 0.4306640625
0 0.4453125 0.4072265625 0.4501953125 0.416015625 0.490234375 0.4150390625 0.4921875 0.4052734375 0.4853515625 0.3984375 0.4521484375 0.3984375 0.4453125 0.4072265625
0 0.4892578125 0.5625 0.4482421875 0.5625 0.427734375 0.5751953125 0.427734375 0.5986328125 0.4384765625 0.611328125 0.478515625 0.6123046875 0.5439453125 0.599609375 0.548828125 0.5869140625 0.5166015625 0.578125 0.4892578125 0.5625
0 0.2392578125 0.470703125 0.2216796875 0.470703125 0.201171875 0.4833984375 0.2021484375 0.509765625 0.23828125 0.5146484375 0.2822265625 0.513671875 0.306640625 0.4892578125 0.2900390625 0.4765625 0.2392578125 0.470703125
0 0.2939453125 0.4765625 0.2509765625 0.48046875 0.240234375 0.4736328125 0.2431640625 0.49609375 0.2568359375 0.484375 0.26953125 0.4892578125 0.2724609375 0.505859375 0.2822265625 0.50390625 0.2861328125 0.494140625 0.29296875 0.4970703125 0.287109375 0.5048828125 0.294921875 0.5048828125 0.30859375 0.4951171875 0.296875 0.4951171875 0.30078125 0.4833984375 0.2939453125 0.4765625
0 0.1630859375 0.458984375 0.1591796875 0.46875 0.1533203125 0.462890625 0.1513671875 0.46875 0.1298828125 0.470703125 0.1279296875 0.4765625 0.1240234375 0.47265625 0.1142578125 0.48046875 0.107421875 0.4931640625 0.1171875 0.5146484375 0.1669921875 0.48828125 0.1728515625 0.501953125 0.17578125 0.4619140625 0.1630859375 0.458984375
0 0.0771484375 0.572265625 0.04296875 0.5947265625 0.04296875 0.6240234375 0.076171875 0.6279296875 0.123046875 0.6123046875 0.1328125 0.5693359375 0.1279296875 0.5625 0.0771484375 0.572265625
0 0.0322265625 0.677734375 0 0.6845703125 0.00390625 0.7529296875 0.056640625 0.7255859375 0.06640625 0.7001953125 0.0595703125 0.6796875 0.0322265625 0.677734375
0 0.3193359375 0.69921875 0.3134765625 0.689453125 0.2841796875 0.6796875 0.2353515625 0.677734375 0.2158203125 0.68359375 0.19140625 0.7138671875 0.1875 0.7294921875 0.203125 0.7841796875 0.2314453125 0.791015625 0.283203125 0.7900390625 0.30859375 0.7802734375 0.349609375 0.7294921875 0.353515625 0.7138671875 0.3193359375 0.69921875
0 0.5732421875 0.669921875 0.5478515625 0.681640625 0.4853515625 0.68359375 0.466796875 0.7021484375 0.462890625 0.7353515625 0.470703125 0.7451171875 0.4951171875 0.763671875 0.517578125 0.7646484375 0.5537109375 0.748046875 0.580078125 0.7177734375 0.580078125 0.6845703125 0.5732421875 0.669921875
0 0.8623046875 0.595703125 0.8251953125 0.5859375 0.7763671875 0.591796875 0.7734375 0.6044921875 0.783203125 0.6357421875 0.8095703125 0.65625 0.82421875 0.6552734375 0.84765625 0.6455078125 0.869140625 0.6123046875 0.869140625 0.6025390625 0.8623046875 0.595703125
0 0.0009765625 0.93359375 0 0.9990234375 0.029296875 0.9990234375 0.068238425 0.9346283703125 0.06667621875 0.9049235265625001 0.032307209375 0.8955430812499999 0.0009765625 0.93359375