0 0.5966796875 0.869140625 0.5732421875 0.869140625 0.5517578125 0.890625 0.5400390625 0.892578125 0.5126953125 0.890625 0.5029296875 0.880859375 0.4775390625 0.884765625 0.4453125 0.9072265625 0.447265625 0.9248046875 0.4775390625 0.9609375 0.5146484375 0.97265625 0.546875 0.9736328125 0.6162109375 0.9609375 0.6640625 0.9306640625 0.66015625 0.9072265625 0.5966796875 0.869140625
0 0.4931640625 0.859375 0.513671875 0.8408203125 0.5029296875 0.830078125 0.4189453125 0.81640625 0.3525390625 0.85546875 0.302734375 0.8623046875 0.3095703125 0.876953125 0.345703125 0.8779296875 0.3935546875 0.875 0.4287109375 0.865234375 0.4619140625 0.869140625 0.4931640625 0.859375
0 0.2490234375 0.771484375 0.244140625 0.7783203125 0.2470703125 0.79296875 0.28515625 0.7919921875 0.30078125 0.7880859375 0.30078125 0.7783203125 0.2861328125 0.767578125 0.2490234375 0.771484375
0 0.5224609375 0.697265625 0.4775390625 0.6875 0.4521484375 0.689453125 0.423828125 0.7060546875 0.423828125 0.7138671875 0.4423828125 0.71875 0.4521484375 0.736328125 0.46484375 0.7353515625 0.5068359375 0.7265625 0.5263671875 0.716796875 0.529296875 0.7060546875 0.5224609375 0.697265625
0 0.70703125 0.7626953125 0.6884765625 0.75 0.6572265625 0.75 0.5302734375 0.76171875 0.509765625 0.7705078125 0.5146484375 0.779296875 0.5322265625 0.787109375 0.5693359375 0.787109375 0.599609375 0.8017578125 0.6416015625 0.79296875 0.6494140625 0.78515625 0.7021484375 0.77734375 0.70703125 0.7626953125
0 0.837890625 0.8408203125 0.8251953125 0.810546875 0.8134765625 0.8125 0.7685546875 0.794921875 0.7158203125 0.796875 0.697265625 0.8095703125 0.7041015625 0.822265625 0.7314453125 0.826171875 0.7626953125 0.849609375 0.79296875 0.8486328125 0.8095703125 0.845703125 0.8193359375 0.8359375 0.8212890625 0.845703125 0.837890625 0.8408203125
0 0.6533203125 0.587890625 0.6318359375 0.587890625 0.5927734375 0.59375 0.580078125 0.6025390625 0.5830078125 0.607421875 0.611328125 0.6103515625 0.6591796875 0.609375 0.66796875 0.6064453125 0.669921875 0.5966796875 0.6533203125 0.587890625
0 0.23828125 0.6962890625 0.2412109375 0.703125 0.251953125 0.7021484375 0.2900390625 0.69921875 0.326171875 0.6845703125 0.2822265625 0.681640625 0.23828125 0.6962890625
0 0.3408203125 0.630859375 0.3349609375 0.625 0.291015625 0.6318359375 0.291015625 0.6494140625 0.2978515625 0.66015625 0.3251953125 0.671875 0.36328125 0.6708984375 0.38671875 0.6630859375 0.38671875 0.6494140625 0.3662109375 0.6328125 0.3408203125 0.630859375
0 0.474609375 0.5146484375 0.48828125 0.5166015625 0.5400390625 0.51171875 0.55078125 0.4990234375 0.4814453125 0.501953125 0.474609375 0.5146484375
0 0.384765625 0.5673828125 0.3896484375 0.572265625 0.419921875 0.5712890625 0.4404296875 0.5703125 0.4453125 0.5615234375 0.3955078125 0.556640625 0.384765625 0.5673828125
0 0.70703125 0.5068359375 0.7158203125 0.513671875 0.73046875 0.5126953125 0.736328125 0.4951171875 0.7314453125 0.490234375 0.7138671875 0.4921875 0.70703125 0.5068359375
0 0.3349609375 0.548828125 0.359375 0.5478515625 0.37109375 0.5380859375 0.3603515625 0.53515625 0.330078125 0.5419921875 0.3349609375 0.548828125
0 0.306640625 0.4658203125 0.3095703125 0.47265625 0.328125 0.4716796875 0.3642578125 0.46875 0.365234375 0.4619140625 0.3349609375 0.45703125 0.306640625 0.4658203125