0 0.6396484375 0.458984375 0.685546875 0.4580078125 0.689453125 0.4521484375 0.6845703125 0.44921875 0.6328125 0.4521484375 0.6396484375 0.458984375
0 0.4521484375 0.5078125 0.4658203125 0.513671875 0.525390625 0.5126953125 0.5234375 0.5029296875 0.5166015625 0.5 0.451171875 0.5009765625 0.4521484375 0.5078125
0 0.568359375 0.4501953125 0.5712890625 0.443359375 0.51171875 0.4443359375 0.5146484375 0.451171875 0.568359375 0.4501953125
0 0.21484375 0.5283203125 0.2177734375 0.54296875 0.267578125 0.5419921875 0.2734375 0.5380859375 0.271484375 0.5302734375 0.2626953125 0.5234375 0.21484375 0.5283203125
0 0.26953125 0.5263671875 0.28515625 0.5263671875 0.294921875 0.5185546875 0.291015625 0.5107421875 0.2685546875 0.505859375 0.26953125 0.5263671875
0 0.3525390625 0.59765625 0.33984375 0.6064453125 0.3427734375 0.6171875 0.3828125 0.6162109375 0.4130859375 0.615234375 0.421875 0.6044921875 0.4072265625 0.59765625 0.3525390625 0.59765625
0 0.4931640625 0.7890625 0.513671875 0.7705078125 0.5087890625 0.763671875 0.3896484375 0.759765625 0.3310546875 0.76171875 0.3125 0.7744140625 0.3154296875 0.7890625 0.3916015625 0.794921875 0.4052734375 0.791015625 0.4150390625 0.806640625 0.4296875 0.8056640625 0.421875 0.8017578125 0.4306640625 0.80078125 0.4345703125 0.79296875 0.4931640625 0.7890625
0 0.310546875 0.7275390625 0.3173828125 0.732421875 0.375 0.7314453125 0.376953125 0.7216796875 0.3662109375 0.716796875 0.3271484375 0.716796875 0.310546875 0.7275390625
0 0.5634765625 0.6875 0.5361328125 0.685546875 0.486328125 0.7021484375 0.486328125 0.7138671875 0.4990234375 0.72265625 0.546875 0.7314453125 0.5693359375 0.7265625 0.58984375 0.7080078125 0.58984375 0.6982421875 0.5634765625 0.6875
0 0.716796875 0.6162109375 0.6748046875 0.61328125 0.6611328125 0.625 0.6396484375 0.626953125 0.625 0.6416015625 0.6279296875 0.654296875 0.65625 0.6552734375 0.6611328125 0.642578125 0.6767578125 0.63671875 0.7138671875 0.638671875 0.716796875 0.6162109375
0 0.6884765625 0.67578125 0.7080078125 0.67578125 0.7255859375 0.68359375 0.7734375 0.6826171875 0.7744140625 0.67578125 0.7333984375 0.666015625 0.6875 0.6708984375 0.6884765625 0.67578125
0 0.650390625 0.6044921875 0.6494140625 0.591796875 0.609375 0.5947265625 0.6123046875 0.60546875 0.650390625 0.6044921875
0 0.55859375 0.5576171875 0.5615234375 0.564453125 0.6171875 0.5634765625 0.619140625 0.5537109375 0.6123046875 0.548828125 0.5869140625 0.548828125 0.55859375 0.5576171875
0 0.71875 0.7626953125 0.7216796875 0.775390625 0.771484375 0.7744140625 0.775390625 0.7626953125 0.7705078125 0.75390625 0.7353515625 0.751953125 0.71875 0.7626953125
0 0.6396484375 0.82421875 0.6064453125 0.814453125 0.5556640625 0.818359375 0.5166015625 0.83203125 0.51171875 0.8388671875 0.5185546875 0.8515625 0.5634765625 0.865234375 0.5791015625 0.859375 0.6259765625 0.865234375 0.70703125 0.8642578125 0.716796875 0.8564453125 0.7138671875 0.84765625 0.6708984375 0.845703125 0.6396484375 0.82421875
0 0.2998046875 0.810546875 0.2392578125 0.818359375 0.232421875 0.8623046875 0.263671875 0.8642578125 0.2919921875 0.837890625 0.3173828125 0.8359375 0.32421875 0.8193359375 0.2998046875 0.810546875
0 0.5703125 0.9423828125 0.583984375 0.9033203125 0.5517578125 0.8828125 0.5263671875 0.880859375 0.5146484375 0.892578125 0.4736328125 0.892578125 0.46484375 0.8857421875 0.4716796875 0.876953125 0.4384765625 0.873046875 0.3837890625 0.90234375 0.369140625 0.9169921875 0.365234375 0.9404296875 0.3916015625 0.955078125 0.4541015625 0.97265625 0.48046875 0.9716796875 0.5263671875 0.966796875 0.5517578125 0.95703125 0.5576171875 0.947265625 0.5703125 0.9423828125
0 0.7197265625 1 0.865234375 0.9990234375 0.8134765625 0.9765625 0.7333984375 0.984375 0.71875 0.9951171875 0.7197265625 1