0 0.97265625 0.5595703125 0.97265625 0.5126953125 0.9580078125 0.4609375 0.9345703125 0.4609375 0.9208984375 0.46875 0.876953125 0.5244140625 0.876953125 0.5419921875 0.888671875 0.5634765625 0.87890625 0.5947265625 0.8671875 0.6083984375 0.8671875 0.6474609375 0.8798828125 0.66796875 0.892578125 0.6689453125 0.9189453125 0.662109375 0.94140625 0.6455078125 0.96484375 0.5947265625 0.97265625 0.5595703125
0 0.845703125 0.6416015625 0.845703125 0.5986328125 0.8349609375 0.58203125 0.8203125 0.5888671875 0.787109375 0.6669921875 0.80078125 0.7353515625 0.791015625 0.7978515625 0.80078125 0.8017578125 0.814453125 0.7919921875 0.822265625 0.7705078125 0.833984375 0.6611328125 0.845703125 0.6416015625
0 0.8134765625 0.375 0.7890625 0.4013671875 0.77734375 0.4501953125 0.7734375 0.5048828125 0.76171875 0.5576171875 0.76171875 0.5654296875 0.771484375 0.5673828125 0.798828125 0.5341796875 0.8203125 0.4931640625 0.822265625 0.3798828125 0.8134765625 0.375
0 0.9072265625 0.298828125 0.8857421875 0.296875 0.86328125 0.3173828125 0.853515625 0.3369140625 0.845703125 0.3798828125 0.849609375 0.3955078125 0.861328125 0.3974609375 0.91015625 0.3408203125 0.916015625 0.3173828125 0.9140625 0.3037109375 0.9072265625 0.298828125
0 0.71875 0.5458984375 0.7099609375 0.53125 0.7021484375 0.53125 0.693359375 0.5419921875 0.67578125 0.5791015625 0.67578125 0.6298828125 0.6875 0.6337890625 0.6962890625 0.6171875 0.71484375 0.6123046875 0.720703125 0.5908203125 0.71875 0.5458984375
0 0.615234375 0.8037109375 0.623046875 0.8076171875 0.634765625 0.7548828125 0.6318359375 0.720703125 0.615234375 0.7529296875 0.615234375 0.8037109375
0 0.693359375 0.8095703125 0.7021484375 0.826171875 0.712890625 0.8251953125 0.724609375 0.7783203125 0.7158203125 0.76953125 0.6953125 0.7861328125 0.693359375 0.8095703125
0 0.576171875 0.7021484375 0.572265625 0.7138671875 0.572265625 0.7392578125 0.578125 0.7412109375 0.58984375 0.7353515625 0.59375 0.6982421875 0.5888671875 0.6953125 0.576171875 0.7021484375
0 0.6455078125 0.3671875 0.634765625 0.3701171875 0.619140625 0.4111328125 0.6171875 0.4423828125 0.626953125 0.4501953125 0.63671875 0.4345703125 0.6484375 0.3876953125 0.650390625 0.3720703125 0.6455078125 0.3671875
0 0.4921875 0.6494140625 0.494140625 0.6748046875 0.5 0.6748046875 0.5078125 0.6494140625 0.5029296875 0.63671875 0.494140625 0.6396484375 0.4921875 0.6494140625
0 0.56640625 0.6298828125 0.560546875 0.6591796875 0.560546875 0.6669921875 0.568359375 0.6708984375 0.580078125 0.6474609375 0.580078125 0.6298828125 0.5751953125 0.626953125 0.56640625 0.6298828125
0 0.4140625 0.6767578125 0.419921875 0.6767578125 0.431640625 0.6318359375 0.4287109375 0.62109375 0.416015625 0.6513671875 0.4140625 0.6767578125
0 0.525390625 0.6201171875 0.5283203125 0.62890625 0.5390625 0.6298828125 0.55078125 0.5849609375 0.5478515625 0.572265625 0.541015625 0.5751953125 0.525390625 0.6201171875
0 0.509765625 0.4541015625 0.498046875 0.5107421875 0.498046875 0.5224609375 0.5029296875 0.529296875 0.509765625 0.5283203125 0.521484375 0.4775390625 0.521484375 0.4619140625 0.5146484375 0.451171875 0.509765625 0.4541015625
0 0.73046875 0.2958984375 0.7314453125 0.30859375 0.7490234375 0.294921875 0.7578125 0.3115234375 0.763671875 0.3115234375 0.779296875 0.2744140625 0.7724609375 0.255859375 0.7431640625 0.259765625 0.73046875 0.2958984375