0 0.3798828125 0.048828125 0.365234375 0.0673828125 0.34765625 0.1416015625 0.3515625 0.1611328125 0.3623046875 0.169921875 0.37109375 0.1689453125 0.384765625 0.1474609375 0.3984375 0.0771484375 0.390625 0.0556640625 0.3798828125 0.048828125
0 0.4423828125 0 0.435546875 0.0166015625 0.43359375 0.0380859375 0.44140625 0.0537109375 0.44921875 0.0556640625 0.4609375 0.0400390625 0.4658203125 0 0.4423828125 0
0 0.4580078125 0.08984375 0.4462890625 0.08984375 0.4375 0.0986328125 0.419921875 0.1435546875 0.421875 0.1982421875 0.4287109375 0.20703125 0.439453125 0.2060546875 0.451171875 0.1904296875 0.4609375 0.1533203125 0.46484375 0.0986328125 0.4580078125 0.08984375
0 0.4814453125 0 0.478515625 0.0048828125 0.46875 0.0634765625 0.4755859375 0.0703125 0.486328125 0.0693359375 0.50390625 0.0458984375 0.5107421875 0 0.4814453125 0
0 0.5302734375 0 0.52734375 0.0068359375 0.525390625 0.0361328125 0.5341796875 0.046875 0.541015625 0.0458984375 0.5556640625 0 0.5302734375 0
0 0.4736328125 0.271484375 0.4541015625 0.279296875 0.43359375 0.2998046875 0.42578125 0.3173828125 0.4296875 0.3818359375 0.4345703125 0.388671875 0.447265625 0.3876953125 0.46484375 0.3583984375 0.47265625 0.3310546875 0.478515625 0.2900390625 0.4736328125 0.271484375
0 0.501953125 0.1923828125 0.490234375 0.2197265625 0.490234375 0.2568359375 0.5 0.2587890625 0.513671875 0.2392578125 0.521484375 0.2119140625 0.5185546875 0.181640625 0.501953125 0.1923828125
0 0.5986328125 0.1171875 0.583984375 0.1435546875 0.58203125 0.1962890625 0.591796875 0.1982421875 0.603515625 0.1728515625 0.61328125 0.1298828125 0.6103515625 0.1171875 0.5986328125 0.1171875
0 0.580078125 0.0615234375 0.5703125 0.0869140625 0.568359375 0.1201171875 0.57421875 0.1220703125 0.591796875 0.1005859375 0.59375 0.0615234375 0.5888671875 0.056640625 0.580078125 0.0615234375
0 0.6953125 0.0380859375 0.6376953125 0.0234375 0.630859375 0.1005859375 0.6396484375 0.11328125 0.66015625 0.1162109375 0.669921875 0.1005859375 0.67578125 0.0673828125 0.6875 0.0576171875 0.6953125 0.0380859375
0 0.7353515625 0.060546875 0.734375 0.0361328125 0.7158203125 0.033203125 0.7177734375 0.041015625 0.73046875 0.0458984375 0.73046875 0.0849609375 0.751953125 0.0869140625 0.759765625 0.0654296875 0.7509765625 0.0625 0.7470703125 0.052734375 0.7353515625 0.060546875
0 0.2880859375 0.3359375 0.2783203125 0.3359375 0.26953125 0.3466796875 0.24609375 0.4111328125 0.2490234375 0.421875 0.279296875 0.4228515625 0.2880859375 0.421875 0.29296875 0.4130859375 0.29296875 0.3408203125 0.2880859375 0.3359375
0 0.33203125 0.2880859375 0.326171875 0.3115234375 0.3310546875 0.32421875 0.33984375 0.3232421875 0.35546875 0.3056640625 0.35546875 0.2880859375 0.3466796875 0.28125 0.33203125 0.2880859375
0 0.33203125 0.2275390625 0.322265625 0.2666015625 0.3251953125 0.2734375 0.333984375 0.2744140625 0.349609375 0.2509765625 0.353515625 0.2314453125 0.3427734375 0.220703125 0.33203125 0.2275390625
0 0.3955078125 0.1953125 0.365234375 0.2275390625 0.36328125 0.2822265625 0.3681640625 0.2890625 0.376953125 0.2880859375 0.384765625 0.2802734375 0.39453125 0.2451171875 0.400390625 0.2060546875 0.3955078125 0.1953125
0 0.1689453125 0.185546875 0.154296875 0.2021484375 0.14453125 0.2470703125 0.1484375 0.2646484375 0.1630859375 0.27734375 0.169921875 0.2763671875 0.19140625 0.2041015625 0.189453125 0.1923828125 0.1806640625 0.185546875 0.1689453125 0.185546875
0 0.1572265625 0.296875 0.134765625 0.3193359375 0.126953125 0.3525390625 0.1337890625 0.365234375 0.166015625 0.3681640625 0.17578125 0.3486328125 0.177734375 0.3056640625 0.1708984375 0.296875 0.1572265625 0.296875
0 0.0205078125 0.451171875 0.001953125 0.4755859375 0.001953125 0.5634765625 0.02734375 0.5673828125 0.046875 0.5458984375 0.0546875 0.4951171875 0.05078125 0.4560546875 0.0205078125 0.451171875
0 0.1552734375 0.603515625 0.1416015625 0.6015625 0.126953125 0.6123046875 0.103515625 0.6669921875 0.09765625 0.7099609375 0.1064453125 0.720703125 0.12109375 0.7216796875 0.1328125 0.7158203125 0.162109375 0.6552734375 0.16796875 0.6123046875 0.1552734375 0.603515625
0 0.1259765625 0.763671875 0.0673828125 0.740234375 0.0048828125 0.685546875 0.00390625 0.8818359375 0.0771484375 0.904296875 0.09765625 0.9033203125 0.1220703125 0.896484375 0.13671875 0.8837890625 0.14453125 0.7900390625 0.1259765625 0.763671875
0 0.314453125 0.5185546875 0.3076171875 0.5078125 0.2666015625 0.5078125 0.2548828125 0.513671875 0.240234375 0.5419921875 0.234375 0.6376953125 0.2490234375 0.662109375 0.259765625 0.6611328125 0.279296875 0.6455078125 0.296875 0.6103515625 0.314453125 0.5400390625 0.314453125 0.5185546875
0 0.2958984375 0.705078125 0.2685546875 0.71484375 0.24609375 0.7412109375 0.21484375 0.8037109375 0.21484375 0.8759765625 0.2431640625 0.912109375 0.251953125 0.9111328125 0.291015625 0.8271484375 0.30859375 0.7705078125 0.314453125 0.7138671875 0.2958984375 0.705078125
0 0.125 0.9130859375 0.1455078125 0.923828125 0.20703125 0.9365234375 0.2109375 0.8994140625 0.1943359375 0.888671875 0.1494140625 0.88671875 0.125 0.9130859375
0 0.255859375 0.9443359375 0.2587890625 0.953125 0.298828125 0.9619140625 0.314453125 0.9052734375 0.3115234375 0.890625 0.2900390625 0.8984375 0.255859375 0.9443359375
0 0.39453125 0.4521484375 0.38671875 0.4755859375 0.375 0.5322265625 0.37890625 0.5615234375 0.388671875 0.5634765625 0.419921875 0.4853515625 0.423828125 0.4384765625 0.4189453125 0.43359375 0.39453125 0.4521484375
0 0.546875 0.2880859375 0.5380859375 0.28125 0.5224609375 0.283203125 0.51171875 0.2958984375 0.486328125 0.3525390625 0.482421875 0.4189453125 0.486328125 0.4404296875 0.498046875 0.4521484375 0.505859375 0.4462890625 0.533203125 0.3623046875 0.546875 0.2958984375 0.546875 0.2880859375
0 0.5849609375 0.244140625 0.576171875 0.2607421875 0.572265625 0.3349609375 0.57421875 0.3427734375 0.5859375 0.3486328125 0.61328125 0.2666015625 0.615234375 0.2451171875 0.6103515625 0.23828125 0.5849609375 0.244140625
0 0.6044921875 0.376953125 0.5849609375 0.375 0.568359375 0.3876953125 0.546875 0.4599609375 0.544921875 0.5224609375 0.5625 0.5439453125 0.5859375 0.5048828125 0.603515625 0.4482421875 0.615234375 0.3916015625 0.6044921875 0.376953125
0 0.4921875 0.7451171875 0.5234375 0.6416015625 0.5185546875 0.625 0.5029296875 0.623046875 0.4794921875 0.6328125 0.4599609375 0.673828125 0.4306640625 0.6796875 0.41796875 0.6923828125 0.396484375 0.7490234375 0.396484375 0.7802734375 0.423828125 0.7900390625 0.4560546875 0.724609375 0.466796875 0.7294921875 0.4736328125 0.744140625 0.4921875 0.7451171875
0 0.388671875 0.6123046875 0.4033203125 0.625 0.412109375 0.6240234375 0.435546875 0.5751953125 0.4189453125 0.556640625 0.4072265625 0.5546875 0.388671875 0.6123046875
0 0.6845703125 0.6171875 0.6875 0.6083984375 0.677734375 0.6044921875 0.669921875 0.5830078125 0.662109375 0.5810546875 0.671875 0.5791015625 0.671875 0.5673828125 0.6611328125 0.568359375 0.6591796875 0.560546875 0.6533203125 0.57421875 0.634765625 0.5791015625 0.63671875 0.5869140625 0.62109375 0.6103515625 0.609375 0.6455078125 0.59765625 0.7333984375 0.5927734375 0.72265625 0.5830078125 0.72265625 0.5751953125 0.71484375 0.5634765625 0.71875 0.541015625 0.7529296875 0.5390625 0.7783203125 0.5234375 0.7802734375 0.5185546875 0.802734375 0.5126953125 0.77734375 0.50390625 0.8017578125 0.509765625 0.8076171875 0.5078125 0.8271484375 0.51953125 0.8330078125 0.517578125 0.8486328125 0.5322265625 0.8515625 0.53515625 0.8603515625 0.5078125 0.8623046875 0.505859375 0.8896484375 0.5146484375 0.890625 0.513671875 0.8837890625 0.5224609375 0.8828125 0.5234375 0.8935546875 0.517578125 0.8955078125 0.52734375 0.9013671875 0.5146484375 0.91015625 0.5146484375 0.89453125 0.4970703125 0.89453125 0.4921875 0.9287109375 0.5048828125 0.931640625 0.5419921875 0.923828125 0.5595703125 0.9296875 0.5634765625 0.94140625 0.583984375 0.9423828125 0.61328125 0.8017578125 0.681640625 0.6279296875 0.677734375 0.6181640625 0.6845703125 0.6171875
0 0.583984375 0.5810546875 0.583984375 0.5654296875 0.5693359375 0.556640625 0.5625 0.5615234375 0.55859375 0.5888671875 0.55078125 0.5986328125 0.5390625 0.6669921875 0.54296875 0.6806640625 0.53125 0.7080078125 0.533203125 0.7275390625 0.544921875 0.7373046875 0.55859375 0.6787109375 0.5703125 0.6611328125 0.5703125 0.6220703125 0.583984375 0.5810546875
0 0.4892578125 0.791015625 0.4619140625 0.80078125 0.44921875 0.8388671875 0.458984375 0.8505859375 0.458984375 0.8623046875 0.470703125 0.8681640625 0.47265625 0.8994140625 0.48828125 0.9130859375 0.4921875 0.9306640625 0.5458984375 0.927734375 0.5556640625 0.94140625 0.583984375 0.9443359375 0.61328125 0.8037109375 0.5224609375 0.775390625 0.5009765625 0.779296875 0.4892578125 0.791015625
0 0.6611328125 0.916015625 0.65234375 0.9208984375 0.638671875 0.9501953125 0.640625 0.9638671875 0.626953125 0.9951171875 0.6279296875 1 0.65625 0.9990234375 0.671875 0.9775390625 0.662109375 0.9658203125 0.666015625 0.9189453125 0.6611328125 0.916015625
0 0.771484375 0.9716796875 0.7890625 0.9638671875 0.771484375 0.9580078125 0.79296875 0.9482421875 0.7919921875 0.943359375 0.7822265625 0.9453125 0.78125 0.9384765625 0.7939453125 0.9375 0.794921875 0.9306640625 0.787109375 0.9248046875 0.8046875 0.9169921875 0.7919921875 0.9140625 0.791015625 0.9072265625 0.7958984375 0.90234375 0.80859375 0.9052734375 0.796875 0.8896484375 0.8046875 0.8173828125 0.796875 0.8212890625 0.80078125 0.8310546875 0.7958984375 0.8359375 0.7900390625 0.8359375 0.78515625 0.8251953125 0.791015625 0.8212890625 0.796875 0.7939453125 0.8203125 0.7841796875 0.8173828125 0.775390625 0.7880859375 0.76171875 0.77734375 0.7666015625 0.78125 0.7861328125 0.771484375 0.8193359375 0.77734375 0.8427734375 0.7724609375 0.859375 0.76953125 0.8486328125 0.765625 0.8505859375 0.76953125 0.8720703125 0.755859375 0.8681640625 0.759765625 0.8525390625 0.7529296875 0.8359375 0.75 0.9052734375 0.7421875 0.9072265625 0.751953125 0.9208984375 0.7421875 0.9287109375 0.744140625 0.9150390625 0.73828125 0.9130859375 0.7373046875 0.900390625 0.716796875 0.9697265625 0.716796875 0.9814453125 0.7236328125 0.98828125 0.7275390625 0.982421875 0.73828125 0.9853515625 0.7197265625 0.99609375 0.7734375 0.9990234375 0.771484375 0.9873046875 0.78515625 0.9775390625 0.7763671875 0.98046875 0.771484375 0.9716796875