0 0.3388671875 0.953125 0.3212890625 0.95703125 0.275390625 0.9423828125 0.263671875 0.8623046875 0.2197265625 0.814453125 0.2109375 0.8193359375 0.1962890625 0.849609375 0.1181640625 0.87109375 0.068359375 0.9169921875 0.056640625 0.9404296875 0.0615234375 0.94921875 0.0771484375 0.953125 0.388671875 0.9873046875 0.3603515625 0.9609375 0.3544921875 0.958984375 0.3486328125 0.966796875 0.3388671875 0.953125
0 0.4599609375 0.80859375 0.4306640625 0.787109375 0.4150390625 0.78515625 0.3515625 0.8115234375 0.3515625 0.8193359375 0.3623046875 0.830078125 0.4033203125 0.861328125 0.533203125 0.8779296875 0.53515625 0.8486328125 0.52734375 0.8232421875 0.5107421875 0.80859375 0.4599609375 0.80859375
0 0.7294921875 0.70703125 0.6923828125 0.705078125 0.6630859375 0.7109375 0.6533203125 0.720703125 0.6318359375 0.72265625 0.6171875 0.7314453125 0.623046875 0.7509765625 0.6650390625 0.810546875 0.7041015625 0.822265625 0.755859375 0.8212890625 0.78125 0.7763671875 0.779296875 0.7509765625 0.7568359375 0.716796875 0.7294921875 0.70703125
0 0.1259765625 0.5546875 0.12109375 0.5673828125 0.138671875 0.6025390625 0.1552734375 0.615234375 0.177734375 0.6162109375 0.203125 0.5966796875 0.21484375 0.5654296875 0.1767578125 0.548828125 0.1259765625 0.5546875
0 0.4990234375 0.564453125 0.439453125 0.5830078125 0.4404296875 0.591796875 0.4716796875 0.607421875 0.5205078125 0.6171875 0.546875 0.6162109375 0.55859375 0.6044921875 0.560546875 0.5830078125 0.5439453125 0.568359375 0.4990234375 0.564453125
0 0.5 0.6923828125 0.4697265625 0.6796875 0.4384765625 0.677734375 0.4208984375 0.669921875 0.4013671875 0.671875 0.39453125 0.7060546875 0.416015625 0.7412109375 0.4462890625 0.7578125 0.47265625 0.7607421875 0.4951171875 0.75 0.509765625 0.7333984375 0.5078125 0.7041015625 0.5 0.6923828125
0 0.1083984375 0.4609375 0.1806640625 0.419921875 0.19921875 0.3994140625 0.197265625 0.3935546875 0.1826171875 0.388671875 0.1552734375 0.3984375 0.0869140625 0.408203125 0.076171875 0.4189453125 0.072265625 0.4404296875 0.0771484375 0.455078125 0.091796875 0.4482421875 0.0810546875 0.46875 0.078125 0.4580078125 0.072265625 0.4599609375 0.072265625 0.4697265625 0.091796875 0.4736328125 0.09765625 0.4716796875 0.09375 0.4580078125 0.0986328125 0.453125 0.1083984375 0.4609375
0 0.2353515625 0.474609375 0.1572265625 0.474609375 0.140625 0.4912109375 0.138671875 0.5107421875 0.1494140625 0.51953125 0.197265625 0.5244140625 0.2353515625 0.515625 0.25 0.4990234375 0.25 0.4912109375 0.2353515625 0.474609375
0 0.2275390625 0.328125 0.240234375 0.3173828125 0.25 0.2919921875 0.2158203125 0.2890625 0.1728515625 0.298828125 0.1103515625 0.2734375 0.109375 0.2587890625 0.0908203125 0.25390625 0.02734375 0.2626953125 0.0185546875 0.34765625 0.1083984375 0.328125 0.1181640625 0.34375 0.15234375 0.3486328125 0.1689453125 0.34375 0.16796875 0.3349609375 0.1748046875 0.330078125 0.2275390625 0.328125
0 0.3232421875 0.3125 0.3203125 0.3212890625 0.3251953125 0.330078125 0.3349609375 0.33203125 0.41796875 0.3349609375 0.4169921875 0.32421875 0.3740234375 0.310546875 0.3349609375 0.30859375 0.3232421875 0.3125
0 0.5048828125 0.3359375 0.548828125 0.3369140625 0.552734375 0.3330078125 0.5458984375 0.326171875 0.4921875 0.3232421875 0.5048828125 0.3359375
0 0.578125 0.4443359375 0.6025390625 0.462890625 0.63671875 0.4677734375 0.640625 0.4599609375 0.6357421875 0.447265625 0.5986328125 0.44140625 0.578125 0.4443359375
0 0.5703125 0.4677734375 0.5654296875 0.458984375 0.5068359375 0.443359375 0.501953125 0.4306640625 0.4931640625 0.42578125 0.4384765625 0.421875 0.419921875 0.4287109375 0.419921875 0.4716796875 0.400390625 0.4951171875 0.4033203125 0.509765625 0.544921875 0.5224609375 0.55078125 0.5205078125 0.5546875 0.4951171875 0.568359375 0.4873046875 0.5703125 0.4677734375
0 0.515625 0.4091796875 0.5205078125 0.419921875 0.564453125 0.4228515625 0.564453125 0.4111328125 0.5576171875 0.404296875 0.5244140625 0.40234375 0.515625 0.4091796875
0 0.8515625 0.5244140625 0.865234375 0.5244140625 0.8623046875 0.53125 0.84765625 0.5361328125 0.8564453125 0.544921875 0.8828125 0.5458984375 0.888671875 0.5380859375 0.8798828125 0.525390625 0.8583984375 0.51953125 0.8515625 0.5244140625
0 0.7880859375 0.5078125 0.7158203125 0.498046875 0.693359375 0.5126953125 0.701171875 0.5283203125 0.7197265625 0.54296875 0.763671875 0.5458984375 0.7685546875 0.5390625 0.7900390625 0.5390625 0.802734375 0.5302734375 0.7880859375 0.5078125
0 0.517578125 0.2568359375 0.5107421875 0.25 0.486328125 0.2490234375 0.4892578125 0.255859375 0.517578125 0.2568359375
0 0.5341796875 0.251953125 0.591796875 0.2548828125 0.5927734375 0.25 0.5634765625 0.244140625 0.53125 0.2451171875 0.5341796875 0.251953125
0 0.8671875 0.3681640625 0.869140625 0.3798828125 0.861328125 0.3857421875 0.8642578125 0.3984375 0.8896484375 0.41015625 0.953125 0.4130859375 0.9775390625 0.41015625 0.98828125 0.3837890625 0.9423828125 0.369140625 0.8671875 0.3681640625
0 0.7666015625 0.32421875 0.75390625 0.3330078125 0.7646484375 0.341796875 0.83203125 0.3525390625 0.845703125 0.3447265625 0.8447265625 0.3359375 0.7880859375 0.322265625 0.7666015625 0.32421875
0 0.3564453125 0.44140625 0.3388671875 0.44921875 0.3076171875 0.451171875 0.287109375 0.4697265625 0.287109375 0.4853515625 0.2919921875 0.490234375 0.3125 0.4892578125 0.3603515625 0.48046875 0.3935546875 0.46484375 0.3984375 0.4501953125 0.3564453125 0.44140625