0 0.69140625 0.8759765625 0.6669921875 0.859375 0.6337890625 0.859375 0.5947265625 0.8828125 0.5732421875 0.884765625 0.5576171875 0.875 0.5322265625 0.880859375 0.4921875 0.9189453125 0.482421875 0.9365234375 0.4873046875 0.9609375 0.5205078125 0.966796875 0.53125 0.9775390625 0.6083984375 0.962890625 0.6611328125 0.9375 0.67578125 0.9248046875 0.69140625 0.8759765625
0 0.8017578125 0.796875 0.80859375 0.7822265625 0.7919921875 0.779296875 0.7548828125 0.7890625 0.7060546875 0.77734375 0.6728515625 0.779296875 0.59765625 0.8212890625 0.6064453125 0.8359375 0.638671875 0.8369140625 0.6630859375 0.8359375 0.6748046875 0.826171875 0.7861328125 0.8046875 0.8017578125 0.796875
0 0.7939453125 0.677734375 0.779296875 0.6962890625 0.78125 0.7060546875 0.791015625 0.7080078125 0.8349609375 0.6953125 0.833984375 0.6806640625 0.8291015625 0.67578125 0.7939453125 0.677734375
0 0.744140625 0.5791015625 0.74609375 0.5634765625 0.7392578125 0.5546875 0.7021484375 0.5625 0.6904296875 0.576171875 0.66796875 0.5869140625 0.658203125 0.6103515625 0.6630859375 0.6171875 0.68359375 0.6181640625 0.7177734375 0.611328125 0.736328125 0.5986328125 0.72265625 0.5830078125 0.744140625 0.5791015625
0 0.7265625 0.6162109375 0.7275390625 0.62109375 0.73828125 0.6201171875 0.7880859375 0.615234375 0.814453125 0.6025390625 0.7568359375 0.6015625 0.7265625 0.6162109375
0 0.5927734375 0.66796875 0.541015625 0.6982421875 0.5478515625 0.71484375 0.580078125 0.7158203125 0.6201171875 0.708984375 0.626953125 0.6884765625 0.640625 0.6728515625 0.5927734375 0.66796875
0 0.580078125 0.7587890625 0.5615234375 0.755859375 0.4169921875 0.79296875 0.390625 0.8115234375 0.3955078125 0.826171875 0.408203125 0.8251953125 0.5107421875 0.81640625 0.5263671875 0.796875 0.5732421875 0.775390625 0.580078125 0.7587890625
0 0.4013671875 0.8515625 0.3642578125 0.857421875 0.3359375 0.8740234375 0.34375 0.8798828125 0.3955078125 0.876953125 0.4150390625 0.8671875 0.416015625 0.8583984375 0.4013671875 0.8515625
0 0.271484375 0.7568359375 0.26953125 0.7841796875 0.28515625 0.7900390625 0.326171875 0.7724609375 0.3193359375 0.740234375 0.2802734375 0.748046875 0.271484375 0.7568359375
0 0.3876953125 0.6328125 0.373046875 0.6455078125 0.3759765625 0.65234375 0.38671875 0.6533203125 0.4423828125 0.63671875 0.45703125 0.6240234375 0.4384765625 0.619140625 0.3876953125 0.6328125
0 0.615234375 0.5361328125 0.630859375 0.5283203125 0.6259765625 0.517578125 0.59375 0.5302734375 0.615234375 0.5361328125
0 0.5986328125 0.525390625 0.572265625 0.5419921875 0.58203125 0.5458984375 0.6240234375 0.53515625 0.630859375 0.5263671875 0.6259765625 0.51953125 0.5986328125 0.525390625
0 0.62890625 0.5634765625 0.6337890625 0.572265625 0.650390625 0.5712890625 0.6689453125 0.56640625 0.67578125 0.5517578125 0.6630859375 0.55078125 0.62890625 0.5634765625
0 0.6201171875 0.41015625 0.611328125 0.4189453125 0.6123046875 0.42578125 0.626953125 0.4248046875 0.6611328125 0.41796875 0.67578125 0.4072265625 0.6513671875 0.40234375 0.6201171875 0.41015625
0 0.4892578125 0.486328125 0.49609375 0.4951171875 0.4814453125 0.50390625 0.4599609375 0.5078125 0.4423828125 0.501953125 0.421875 0.5146484375 0.474609375 0.5224609375 0.5283203125 0.509765625 0.529296875 0.4970703125 0.5087890625 0.4765625 0.4892578125 0.486328125
0 0.5615234375 0.42578125 0.5322265625 0.4296875 0.5283203125 0.421875 0.5146484375 0.421875 0.5009765625 0.42578125 0.4970703125 0.439453125 0.458984375 0.4599609375 0.4697265625 0.46875 0.5 0.4677734375 0.5029296875 0.45703125 0.5615234375 0.44140625 0.56640625 0.4306640625 0.5615234375 0.42578125
0 0.306640625 0.5693359375 0.2998046875 0.564453125 0.2802734375 0.56640625 0.2734375 0.5712890625 0.279296875 0.5771484375 0.2763671875 0.58203125 0.232421875 0.6025390625 0.2373046875 0.61328125 0.25 0.6123046875 0.2900390625 0.6015625 0.2890625 0.5869140625 0.3017578125 0.58203125 0.306640625 0.5693359375