0 0.5517578125 0.9140625 0.5048828125 0.87890625 0.4306640625 0.86328125 0.4208984375 0.869140625 0.3740234375 0.87109375 0.353515625 0.8837890625 0.3515625 0.8994140625 0.361328125 0.9248046875 0.3818359375 0.951171875 0.4423828125 0.974609375 0.509765625 0.9755859375 0.5302734375 0.962890625 0.5595703125 0.95703125 0.564453125 0.9326171875 0.5517578125 0.9140625
0 0.6259765625 0.78515625 0.6044921875 0.779296875 0.4599609375 0.7578125 0.447265625 0.7626953125 0.4541015625 0.78125 0.5068359375 0.798828125 0.5244140625 0.81640625 0.572265625 0.8154296875 0.6103515625 0.810546875 0.6357421875 0.814453125 0.642578125 0.7998046875 0.6259765625 0.78515625
0 0.6474609375 0.8359375 0.623046875 0.8427734375 0.623046875 0.8544921875 0.6455078125 0.865234375 0.6767578125 0.8984375 0.705078125 0.9033203125 0.73046875 0.8740234375 0.7177734375 0.869140625 0.7041015625 0.8515625 0.6474609375 0.8359375
0 0.3115234375 0.798828125 0.2802734375 0.8125 0.228515625 0.8115234375 0.2294921875 0.8203125 0.2568359375 0.83203125 0.3642578125 0.841796875 0.3720703125 0.849609375 0.416015625 0.8486328125 0.435546875 0.8349609375 0.4306640625 0.82421875 0.3544921875 0.79296875 0.3115234375 0.798828125
0 0.37890625 0.6845703125 0.37890625 0.6923828125 0.39453125 0.7021484375 0.4013671875 0.71875 0.4375 0.7216796875 0.4775390625 0.716796875 0.482421875 0.7001953125 0.4267578125 0.673828125 0.37890625 0.6845703125
0 0.1875 0.7119140625 0.185546875 0.7255859375 0.1943359375 0.73046875 0.240234375 0.7353515625 0.2421875 0.7236328125 0.2275390625 0.70703125 0.1923828125 0.70703125 0.1875 0.7119140625
0 0.197265625 0.6337890625 0.2197265625 0.642578125 0.28515625 0.6435546875 0.2861328125 0.63671875 0.2548828125 0.626953125 0.2177734375 0.626953125 0.197265625 0.6337890625
0 0.2705078125 0.580078125 0.263671875 0.5849609375 0.265625 0.5947265625 0.2763671875 0.6015625 0.33984375 0.6083984375 0.3388671875 0.6015625 0.3154296875 0.595703125 0.3017578125 0.58203125 0.2705078125 0.580078125
0 0.375 0.5849609375 0.3759765625 0.572265625 0.33203125 0.5673828125 0.3369140625 0.58203125 0.375 0.5849609375
0 0.373046875 0.5380859375 0.3759765625 0.544921875 0.3916015625 0.55078125 0.431640625 0.5517578125 0.4306640625 0.544921875 0.3994140625 0.533203125 0.3779296875 0.53125 0.373046875 0.5380859375
0 0.556640625 0.6181640625 0.5732421875 0.62890625 0.638671875 0.6396484375 0.642578125 0.6298828125 0.6279296875 0.619140625 0.5830078125 0.611328125 0.556640625 0.6181640625
0 0.646484375 0.7568359375 0.6455078125 0.744140625 0.587890625 0.7373046875 0.5908203125 0.75 0.646484375 0.7568359375
0 0.375 0.4365234375 0.3701171875 0.427734375 0.3203125 0.4228515625 0.3291015625 0.431640625 0.375 0.4365234375
0 0.4775390625 0.498046875 0.47265625 0.5048828125 0.4775390625 0.51171875 0.5390625 0.5166015625 0.55078125 0.5107421875 0.5478515625 0.505859375 0.4970703125 0.498046875 0.4775390625 0.498046875
0 0.548828125 0.5029296875 0.5537109375 0.509765625 0.58203125 0.5107421875 0.58203125 0.5009765625 0.5732421875 0.49609375 0.5576171875 0.49609375 0.548828125 0.5029296875
0 0.6611328125 0.568359375 0.68359375 0.5712890625 0.6875 0.5654296875 0.6826171875 0.556640625 0.65625 0.5556640625 0.6611328125 0.568359375