0 0.9609375 0.4794921875 0.951171875 0.4638671875 0.9150390625 0.443359375 0.900390625 0.4521484375 0.88671875 0.4755859375 0.8828125 0.5009765625 0.890625 0.5107421875 0.892578125 0.5498046875 0.87109375 0.5732421875 0.869140625 0.5888671875 0.90625 0.6572265625 0.931640625 0.6630859375 0.962890625 0.6162109375 0.970703125 0.5712890625 0.970703125 0.5205078125 0.9609375 0.4794921875
0 0.875 0.3955078125 0.880859375 0.3076171875 0.8701171875 0.302734375 0.861328125 0.3056640625 0.857421875 0.3505859375 0.8359375 0.3837890625 0.8203125 0.4248046875 0.828125 0.5068359375 0.84765625 0.5224609375 0.859375 0.5166015625 0.87109375 0.4619140625 0.8671875 0.4208984375 0.875 0.3955078125
0 0.796875 0.4384765625 0.802734375 0.4287109375 0.7939453125 0.421875 0.779296875 0.4267578125 0.77734375 0.4892578125 0.765625 0.5126953125 0.751953125 0.6357421875 0.755859375 0.6982421875 0.7626953125 0.708984375 0.7734375 0.7080078125 0.806640625 0.6005859375 0.80859375 0.5595703125 0.794921875 0.5029296875 0.796875 0.4384765625
0 0.49609375 0.5478515625 0.50390625 0.5517578125 0.513671875 0.5341796875 0.5146484375 0.474609375 0.501953125 0.4833984375 0.49609375 0.5478515625
0 0.556640625 0.4189453125 0.560546875 0.4443359375 0.568359375 0.4462890625 0.572265625 0.3896484375 0.5654296875 0.38671875 0.556640625 0.3994140625 0.556640625 0.4189453125
0 0.6103515625 0.353515625 0.6015625 0.3603515625 0.599609375 0.3955078125 0.60546875 0.3994140625 0.61328125 0.3974609375 0.6171875 0.3818359375 0.6171875 0.3603515625 0.6103515625 0.353515625
0 0.46875 0.3642578125 0.47265625 0.3115234375 0.4658203125 0.30859375 0.4609375 0.3642578125 0.46875 0.3642578125
0 0.53125 0.3662109375 0.544921875 0.3701171875 0.55078125 0.3544921875 0.5458984375 0.318359375 0.53125 0.3544921875 0.53125 0.3662109375
0 0.65625 0.2978515625 0.6357421875 0.291015625 0.626953125 0.3037109375 0.6328125 0.3642578125 0.6396484375 0.373046875 0.6474609375 0.373046875 0.6513671875 0.3828125 0.662109375 0.3837890625 0.666015625 0.3544921875 0.66015625 0.3232421875 0.65234375 0.3212890625 0.65625 0.2978515625
0 0.681640625 0.2900390625 0.681640625 0.3232421875 0.689453125 0.3251953125 0.701171875 0.2822265625 0.7001953125 0.23828125 0.693359375 0.2431640625 0.681640625 0.2900390625
0 0.771484375 0.2529296875 0.767578125 0.2822265625 0.7783203125 0.302734375 0.7890625 0.3017578125 0.794921875 0.2529296875 0.7919921875 0.24609375 0.7783203125 0.24609375 0.771484375 0.2529296875
0 0.7158203125 0.423828125 0.7060546875 0.423828125 0.693359375 0.4580078125 0.69140625 0.4833984375 0.69921875 0.5244140625 0.71484375 0.5283203125 0.734375 0.4892578125 0.736328125 0.4521484375 0.720703125 0.4423828125 0.7158203125 0.423828125
0 0.52734375 0.6962890625 0.51953125 0.6923828125 0.5224609375 0.66796875 0.517578125 0.6689453125 0.515625 0.7080078125 0.4951171875 0.712890625 0.4921875 0.7197265625 0.494140625 0.7373046875 0.5029296875 0.732421875 0.5078125 0.7412109375 0.5078125 0.7822265625 0.517578125 0.7880859375 0.525390625 0.7822265625 0.52734375 0.7626953125 0.521484375 0.7080078125 0.52734375 0.6962890625
0 0.58984375 0.6572265625 0.5966796875 0.669921875 0.607421875 0.6689453125 0.611328125 0.5986328125 0.6044921875 0.578125 0.591796875 0.6044921875 0.58984375 0.6572265625
0 0.82421875 0.7041015625 0.8095703125 0.697265625 0.796875 0.7177734375 0.798828125 0.7763671875 0.8212890625 0.798828125 0.837890625 0.7978515625 0.849609375 0.7861328125 0.849609375 0.7607421875 0.830078125 0.7353515625 0.82421875 0.7041015625