0 0.109375 0.4560546875 0.1171875 0.4208984375 0.130859375 0.4072265625 0.12890625 0.3759765625 0.1171875 0.3544921875 0.1083984375 0.349609375 0.0791015625 0.359375 0.05859375 0.3740234375 0.03515625 0.4248046875 0.029296875 0.4560546875 0.02734375 0.5068359375 0.044921875 0.5595703125 0.0703125 0.5615234375 0.123046875 0.5009765625 0.123046875 0.4873046875 0.109375 0.4697265625 0.109375 0.4560546875
0 0.203125 0.3154296875 0.189453125 0.2802734375 0.197265625 0.2216796875 0.1923828125 0.208984375 0.17578125 0.2119140625 0.16015625 0.3076171875 0.16015625 0.3564453125 0.150390625 0.3759765625 0.150390625 0.4365234375 0.166015625 0.4365234375 0.17578125 0.4306640625 0.19140625 0.3994140625 0.20703125 0.3486328125 0.203125 0.3154296875
0 0.19921875 0.4814453125 0.18359375 0.5244140625 0.1875 0.6357421875 0.201171875 0.6396484375 0.22265625 0.5966796875 0.240234375 0.4521484375 0.2353515625 0.439453125 0.19921875 0.4814453125
0 0.1640625 0.6416015625 0.1533203125 0.62109375 0.140625 0.6298828125 0.1171875 0.6689453125 0.103515625 0.6767578125 0.099609375 0.7041015625 0.12109375 0.7060546875 0.1240234375 0.69921875 0.1474609375 0.701171875 0.16015625 0.6748046875 0.1640625 0.6416015625
0 0.298828125 0.3935546875 0.28125 0.4033203125 0.28125 0.4658203125 0.2861328125 0.478515625 0.298828125 0.4794921875 0.32421875 0.4267578125 0.3173828125 0.376953125 0.3076171875 0.376953125 0.298828125 0.3935546875
0 0.2734375 0.1865234375 0.265625 0.2255859375 0.265625 0.2392578125 0.279296875 0.2412109375 0.291015625 0.2294921875 0.29296875 0.1923828125 0.2861328125 0.185546875 0.2734375 0.1865234375
0 0.357421875 0.2333984375 0.357421875 0.2841796875 0.36328125 0.2861328125 0.373046875 0.2509765625 0.3701171875 0.19921875 0.361328125 0.2041015625 0.357421875 0.2333984375
0 0.4150390625 0.263671875 0.400390625 0.2724609375 0.390625 0.3330078125 0.3984375 0.3388671875 0.404296875 0.3154296875 0.41796875 0.3037109375 0.419921875 0.2685546875 0.4150390625 0.263671875
0 0.416015625 0.3505859375 0.416015625 0.3740234375 0.42578125 0.3779296875 0.435546875 0.3408203125 0.4306640625 0.330078125 0.419921875 0.3369140625 0.416015625 0.3505859375
0 0.45703125 0.3740234375 0.451171875 0.3916015625 0.447265625 0.4267578125 0.455078125 0.4306640625 0.46875 0.3974609375 0.470703125 0.3798828125 0.4638671875 0.373046875 0.45703125 0.3740234375
0 0.564453125 0.3740234375 0.5703125 0.3759765625 0.5791015625 0.3203125 0.572265625 0.3212890625 0.568359375 0.3369140625 0.564453125 0.3740234375
0 0.251953125 0.5888671875 0.248046875 0.6025390625 0.248046875 0.6494140625 0.2578125 0.6455078125 0.26171875 0.6298828125 0.2626953125 0.5859375 0.251953125 0.5888671875
0 0.369140625 0.5751953125 0.359375 0.6279296875 0.359375 0.6376953125 0.37109375 0.6416015625 0.380859375 0.6298828125 0.388671875 0.5927734375 0.3837890625 0.548828125 0.369140625 0.5751953125
0 0.482421875 0.5244140625 0.482421875 0.5380859375 0.4921875 0.5498046875 0.50390625 0.4931640625 0.50390625 0.4775390625 0.4951171875 0.470703125 0.482421875 0.5244140625
0 0.431640625 0.6708984375 0.431640625 0.6865234375 0.4375 0.6865234375 0.4453125 0.6787109375 0.4453125 0.6650390625 0.4384765625 0.66015625 0.431640625 0.6708984375
0 0.4609375 0.7060546875 0.4521484375 0.69921875 0.439453125 0.7060546875 0.439453125 0.7392578125 0.4462890625 0.7265625 0.4541015625 0.734375 0.4609375 0.7236328125 0.4609375 0.7060546875