0 0.1787109375 0.791015625 0.185546875 0.7783203125 0.1357421875 0.734375 0.1083984375 0.7265625 0.0615234375 0.724609375 0.048828125 0.7021484375 0.044921875 0.6689453125 0.0712890625 0.662109375 0.0908203125 0.66796875 0.109375 0.6572265625 0.0537109375 0.654296875 0.0146484375 0.611328125 0.048828125 0.9248046875 0.052734375 0.9404296875 0.0625 0.9423828125 0.0888671875 0.927734375 0.130859375 0.8818359375 0.150390625 0.8037109375 0.1787109375 0.791015625
0 0.193359375 0.4892578125 0.1806640625 0.47265625 0.1298828125 0.462890625 0.123046875 0.4658203125 0.123046875 0.4853515625 0.138671875 0.5927734375 0.173828125 0.6416015625 0.1875 0.6494140625 0.21484375 0.5888671875 0.21484375 0.5693359375 0.19140625 0.5341796875 0.193359375 0.4892578125
0 0.322265625 0.5224609375 0.3056640625 0.49609375 0.2646484375 0.490234375 0.24609375 0.5126953125 0.240234375 0.5458984375 0.2626953125 0.5859375 0.2939453125 0.60546875 0.306640625 0.6044921875 0.3291015625 0.599609375 0.337890625 0.5908203125 0.32421875 0.5634765625 0.322265625 0.5224609375
0 0.2724609375 0.232421875 0.2509765625 0.220703125 0.2255859375 0.21875 0.1796875 0.2451171875 0.18359375 0.3173828125 0.2001953125 0.345703125 0.2470703125 0.375 0.271484375 0.3818359375 0.296875 0.3076171875 0.294921875 0.2646484375 0.28515625 0.2431640625 0.2724609375 0.232421875
0 0.3671875 0.2333984375 0.390625 0.2177734375 0.3876953125 0.208984375 0.361328125 0.2197265625 0.3671875 0.2333984375
0 0.38671875 0.1025390625 0.369140625 0.0712890625 0.3505859375 0.056640625 0.3310546875 0.056640625 0.326171875 0.0673828125 0.3359375 0.1337890625 0.3525390625 0.142578125 0.3798828125 0.142578125 0.3876953125 0.154296875 0.3955078125 0.1484375 0.408203125 0.1533203125 0.3984375 0.1396484375 0.40625 0.1376953125 0.39453125 0.1318359375 0.38671875 0.1025390625
0 0.197265625 0.0576171875 0.2021484375 0.080078125 0.2099609375 0.078125 0.2392578125 0.095703125 0.255859375 0.0966796875 0.26953125 0.0830078125 0.2568359375 0.029296875 0.1796875 0.0419921875 0.197265625 0.0576171875
0 0.4169921875 0.439453125 0.3955078125 0.44140625 0.384765625 0.4521484375 0.38671875 0.4931640625 0.408203125 0.5576171875 0.421875 0.5595703125 0.4375 0.4970703125 0.435546875 0.4716796875 0.4267578125 0.4453125 0.4169921875 0.439453125
0 0.49609375 0.2529296875 0.498046875 0.2236328125 0.4794921875 0.19921875 0.4658203125 0.193359375 0.451171875 0.2001953125 0.458984375 0.2275390625 0.453125 0.2412109375 0.453125 0.2802734375 0.48828125 0.3095703125 0.50390625 0.2880859375 0.501953125 0.2607421875 0.4990234375 0.26953125 0.49609375 0.2529296875
0 0.51171875 0.4541015625 0.4912109375 0.447265625 0.478515625 0.4541015625 0.482421875 0.5244140625 0.4921875 0.5947265625 0.4951171875 0.599609375 0.5078125 0.5986328125 0.515625 0.5791015625 0.529296875 0.5693359375 0.529296875 0.5068359375 0.51171875 0.4541015625
0 0.541015625 0.3994140625 0.560546875 0.4208984375 0.556640625 0.3642578125 0.5361328125 0.359375 0.533203125 0.3701171875 0.541015625 0.3994140625
0 0.47265625 0.6650390625 0.49609375 0.6591796875 0.49609375 0.6416015625 0.4892578125 0.6328125 0.4423828125 0.638671875 0.4228515625 0.634765625 0.4140625 0.6435546875 0.419921875 0.6962890625 0.431640625 0.7197265625 0.4453125 0.7255859375 0.4609375 0.7177734375 0.462890625 0.6962890625 0.47265625 0.6904296875 0.47265625 0.6650390625
0 0.556640625 0.6064453125 0.5517578125 0.6015625 0.537109375 0.6064453125 0.513671875 0.6669921875 0.513671875 0.7099609375 0.533203125 0.7119140625 0.55078125 0.6923828125 0.55078125 0.6669921875 0.55859375 0.6474609375 0.556640625 0.6064453125
0 0.396484375 0.8037109375 0.384765625 0.8232421875 0.384765625 0.8388671875 0.3994140625 0.86328125 0.4326171875 0.880859375 0.4453125 0.8798828125 0.455078125 0.8310546875 0.443359375 0.7880859375 0.4326171875 0.78515625 0.396484375 0.8037109375
0 0.5068359375 0.748046875 0.486328125 0.7626953125 0.474609375 0.8115234375 0.48046875 0.8486328125 0.498046875 0.8701171875 0.5185546875 0.86328125 0.53125 0.8388671875 0.529296875 0.7705078125 0.5068359375 0.748046875
0 0.58203125 0.4794921875 0.59375 0.4833984375 0.599609375 0.4775390625 0.59765625 0.4423828125 0.5810546875 0.435546875 0.58203125 0.4794921875
0 0.666015625 0.4951171875 0.6796875 0.5107421875 0.67578125 0.4560546875 0.6689453125 0.447265625 0.6640625 0.4599609375 0.666015625 0.4951171875
0 0.6689453125 0.578125 0.666015625 0.6240234375 0.671875 0.6748046875 0.685546875 0.6787109375 0.693359375 0.6630859375 0.69140625 0.6279296875 0.6796875 0.5830078125 0.6689453125 0.578125
0 0.728515625 0.8935546875 0.705078125 0.8330078125 0.712890625 0.7900390625 0.712890625 0.7529296875 0.7080078125 0.748046875 0.6796875 0.7587890625 0.671875 0.7724609375 0.673828125 0.8212890625 0.6669921875 0.830078125 0.65625 0.8310546875 0.650390625 0.8486328125 0.658203125 0.8876953125 0.671875 0.8955078125 0.65625 0.9619140625 0.65625 0.9794921875 0.66796875 0.9814453125 0.7421875 0.9677734375 0.74609375 0.9052734375 0.7412109375 0.896484375 0.728515625 0.8935546875
0 0.611328125 0.8271484375 0.6064453125 0.80078125 0.599609375 0.8017578125 0.57421875 0.8388671875 0.560546875 0.9189453125 0.5634765625 0.92578125 0.572265625 0.9267578125 0.5849609375 0.923828125 0.59765625 0.9072265625 0.599609375 0.8642578125 0.611328125 0.8271484375
0 0.732421875 0.5966796875 0.732421875 0.5673828125 0.7275390625 0.55859375 0.71484375 0.5673828125 0.71484375 0.5791015625 0.724609375 0.6064453125 0.7265625 0.6376953125 0.732421875 0.6376953125 0.734375 0.6142578125 0.7265625 0.5927734375 0.7294921875 0.5859375 0.732421875 0.5966796875
0 0.7470703125 0.48046875 0.744140625 0.5068359375 0.751953125 0.5126953125 0.7470703125 0.48046875
0 0.7490234375 0.408203125 0.75 0.4638671875 0.7578125 0.4658203125 0.7490234375 0.408203125
0 0.779296875 0.6943359375 0.78515625 0.6962890625 0.787109375 0.6591796875 0.78515625 0.6494140625 0.7763671875 0.646484375 0.779296875 0.6943359375
0 0.8212890625 0.583984375 0.8125 0.5869140625 0.822265625 0.5947265625 0.8212890625 0.583984375
0 0.81640625 0.5732421875 0.8095703125 0.52734375 0.8046875 0.5498046875 0.80859375 0.5712890625 0.81640625 0.5732421875