0 0.109375 0.5244140625 0.111328125 0.4814453125 0.119140625 0.4677734375 0.11328125 0.4345703125 0.0966796875 0.4140625 0.0849609375 0.4140625 0.0576171875 0.4296875 0.044921875 0.4443359375 0.03125 0.4990234375 0.037109375 0.5810546875 0.05859375 0.6298828125 0.072265625 0.6318359375 0.0849609375 0.62890625 0.09765625 0.6142578125 0.12890625 0.5537109375 0.109375 0.5244140625
0 0.177734375 0.3642578125 0.158203125 0.3310546875 0.1533203125 0.267578125 0.134765625 0.2841796875 0.134765625 0.3701171875 0.140625 0.3896484375 0.13671875 0.4384765625 0.14453125 0.4755859375 0.162109375 0.4873046875 0.169921875 0.4814453125 0.1796875 0.4482421875 0.185546875 0.3916015625 0.177734375 0.3642578125
0 0.2197265625 0.478515625 0.2109375 0.4892578125 0.19921875 0.5283203125 0.19140625 0.5791015625 0.2109375 0.6845703125 0.2265625 0.6865234375 0.236328125 0.6259765625 0.23046875 0.5751953125 0.234375 0.4912109375 0.2197265625 0.478515625
0 0.1708984375 0.673828125 0.1640625 0.6865234375 0.16796875 0.7255859375 0.1533203125 0.71484375 0.140625 0.7412109375 0.1484375 0.7431640625 0.1494140625 0.75390625 0.1533203125 0.75 0.18359375 0.7568359375 0.19140625 0.7255859375 0.189453125 0.6904296875 0.1806640625 0.673828125 0.1708984375 0.673828125
0 0.267578125 0.6318359375 0.26953125 0.6865234375 0.275390625 0.6904296875 0.283203125 0.6806640625 0.283203125 0.6259765625 0.2783203125 0.623046875 0.267578125 0.6318359375
0 0.2919921875 0.408203125 0.26953125 0.4365234375 0.26953125 0.4697265625 0.283203125 0.5107421875 0.298828125 0.5126953125 0.3046875 0.5068359375 0.31640625 0.4541015625 0.3046875 0.4111328125 0.2919921875 0.408203125
0 0.2265625 0.2783203125 0.240234375 0.2802734375 0.25 0.2626953125 0.248046875 0.2275390625 0.2294921875 0.224609375 0.2265625 0.2783203125
0 0.318359375 0.2822265625 0.32421875 0.2880859375 0.32421875 0.3095703125 0.33203125 0.3115234375 0.333984375 0.2548828125 0.33203125 0.2392578125 0.3212890625 0.22265625 0.318359375 0.2822265625
0 0.3671875 0.3212890625 0.3701171875 0.326171875 0.384765625 0.3251953125 0.388671875 0.2900390625 0.3759765625 0.28125 0.3671875 0.2880859375 0.3671875 0.3212890625
0 0.39453125 0.3779296875 0.396484375 0.3876953125 0.40625 0.3896484375 0.41015625 0.3486328125 0.4033203125 0.345703125 0.39453125 0.3544921875 0.39453125 0.3779296875
0 0.4453125 0.4384765625 0.447265625 0.3837890625 0.4404296875 0.380859375 0.4375 0.4384765625 0.4453125 0.4384765625
0 0.3828125 0.5927734375 0.3828125 0.6572265625 0.392578125 0.6611328125 0.404296875 0.6416015625 0.40234375 0.5849609375 0.3935546875 0.5703125 0.3828125 0.5927734375
0 0.509765625 0.5810546875 0.515625 0.5595703125 0.5029296875 0.548828125 0.501953125 0.5810546875 0.509765625 0.5810546875
0 0.5 0.5498046875 0.501953125 0.4833984375 0.4892578125 0.47265625 0.48828125 0.5419921875 0.5 0.5498046875
0 0.54296875 0.3642578125 0.55078125 0.3662109375 0.552734375 0.3251953125 0.5478515625 0.30859375 0.54296875 0.3134765625 0.54296875 0.3642578125