0 0.3095703125 0.162109375 0.314453125 0.1435546875 0.3095703125 0.138671875 0.2822265625 0.140625 0.2724609375 0.12109375 0.2001953125 0.109375 0.1376953125 0.119140625 0.1328125 0.1220703125 0.140625 0.1259765625 0.1357421875 0.134765625 0.1279296875 0.12890625 0.1181640625 0.14453125 0.0947265625 0.140625 0.080078125 0.1513671875 0.0830078125 0.169921875 0.26171875 0.1748046875 0.2783203125 0.16015625 0.2822265625 0.169921875 0.2861328125 0.162109375 0.3095703125 0.162109375
0 0 0.2431640625 0.0048828125 0.24609375 0.0908203125 0.244140625 0.10546875 0.2490234375 0.1337890625 0.24609375 0.140625 0.2333984375 0.0732421875 0.19921875 0.0556640625 0.19921875 0.0498046875 0.20703125 0.0361328125 0.19921875 0 0.2001953125 0 0.2431640625
0 0.0458984375 0.30859375 0.0341796875 0.29296875 0.0029296875 0.29296875 0 0.3369140625 0.021484375 0.3408203125 0.0498046875 0.326171875 0.048828125 0.3154296875 0.060546875 0.3115234375 0.0458984375 0.30859375
0 0.1376953125 0.34375 0.1025390625 0.349609375 0.0859375 0.3876953125 0.087890625 0.3974609375 0.1025390625 0.408203125 0.1201171875 0.41015625 0.138671875 0.4462890625 0.1630859375 0.462890625 0.1953125 0.4619140625 0.2177734375 0.439453125 0.240234375 0.4306640625 0.236328125 0.3466796875 0.1376953125 0.34375
0 0.0859375 0.3076171875 0.087890625 0.3271484375 0.0947265625 0.33203125 0.234375 0.3408203125 0.2333984375 0.30859375 0.1279296875 0.30859375 0.1142578125 0.302734375 0.0859375 0.3076171875
0 0.09375 0.4619140625 0.09375 0.4716796875 0.1005859375 0.4765625 0.13385215 0.4953097546875 0.138671875 0.4677734375 0.1259765625 0.453125 0.1044921875 0.453125 0.09375 0.4619140625
0 0.0693359375 0.576171875 0.0009765625 0.576171875 0.00390625 0.6259765625 0.0595703125 0.603515625 0.072265625 0.5927734375 0.07421875 0.5810546875 0.0693359375 0.576171875
0 0.24609375 0.6259765625 0.2099609375 0.619140625 0.1337890625 0.619140625 0.0888671875 0.62890625 0.0537109375 0.62890625 0.044921875 0.6357421875 0.044921875 0.6552734375 0.0576171875 0.669921875 0.1064453125 0.6875 0.142578125 0.6904296875 0.1943359375 0.685546875 0.2353515625 0.66796875 0.248046875 0.6533203125 0.24609375 0.6259765625
0 0 0.9990234375 0.197265625 0.9990234375 0.189453125 0.9873046875 0.18359375 0.9228515625 0.1640625 0.8935546875 0.150390625 0.8505859375 0.15234375 0.8115234375 0.146484375 0.7919921875 0.1162109375 0.767578125 0.0693359375 0.759765625 0.0302734375 0.765625 0 0.7978515625 0 0.9990234375
0 0 0.6748046875 0.001953125 0.7568359375 0.037109375 0.7353515625 0.04296875 0.6982421875 0.0322265625 0.677734375 0 0.6748046875
0 0.47265625 0.4013671875 0.470703125 0.3935546875 0.4794921875 0.396484375 0.48046875 0.3896484375 0.48828125 0.3876953125 0.48046875 0.3818359375 0.484375 0.3642578125 0.4892578125 0.376953125 0.4990234375 0.375 0.501953125 0.3583984375 0.501953125 0.3251953125 0.4873046875 0.298828125 0.4326171875 0.2890625 0.4072265625 0.296875 0.3291015625 0.298828125 0.24609375 0.3115234375 0.2421875 0.3701171875 0.244140625 0.3876953125 0.2509765625 0.39453125 0.2646484375 0.396484375 0.2998046875 0.38671875 0.3408203125 0.388671875 0.345703125 0.3955078125 0.3310546875 0.3984375 0.328125 0.4091796875 0.3388671875 0.408203125 0.3447265625 0.419921875 0.375 0.4267578125 0.4501953125 0.42578125 0.4765625 0.4169921875 0.46484375 0.4111328125 0.47265625 0.4013671875
0 0.375 0.4697265625 0.37109375 0.4482421875 0.3623046875 0.443359375 0.2490234375 0.447265625 0.2421875 0.4521484375 0.248046875 0.4677734375 0.267578125 0.4794921875 0.2626953125 0.486328125 0.181640625 0.5009765625 0.1875 0.5205078125 0.2021484375 0.53125 0.2216796875 0.537109375 0.263671875 0.5361328125 0.3056640625 0.525390625 0.3310546875 0.4921875 0.3642578125 0.482421875 0.375 0.4697265625
0 0.5087890625 0.583984375 0.3779296875 0.58203125 0.361328125 0.5888671875 0.359375 0.6064453125 0.3759765625 0.62109375 0.466796875 0.6240234375 0.5146484375 0.62109375 0.54296875 0.5947265625 0.5361328125 0.587890625 0.5087890625 0.583984375
0 0.470703125 0.6630859375 0.4658203125 0.65234375 0.3779296875 0.646484375 0.3310546875 0.654296875 0.28125 0.6923828125 0.28125 0.7080078125 0.3095703125 0.734375 0.40625 0.7412109375 0.443359375 0.7314453125 0.44921875 0.7041015625 0.443359375 0.6806640625 0.470703125 0.6630859375
0 0.3037109375 0.791015625 0.2587890625 0.787109375 0.2001953125 0.798828125 0.185546875 0.8154296875 0.185546875 0.8271484375 0.2080078125 0.83984375 0.265625 0.8408203125 0.2978515625 0.833984375 0.30859375 0.8232421875 0.310546875 0.8037109375 0.3037109375 0.791015625
0 0.3857421875 0.9296875 0.3369140625 0.92578125 0.310546875 0.9423828125 0.3017578125 0.96875 0.2802734375 0.962890625 0.255859375 0.9755859375 0.2626953125 1 0.369140625 0.9990234375 0.3935546875 0.994140625 0.4169921875 0.9765625 0.423828125 0.9482421875 0.3857421875 0.9296875
0 0.5302734375 0.72265625 0.5009765625 0.7265625 0.48046875 0.7451171875 0.478515625 0.7568359375 0.4931640625 0.76953125 0.548828125 0.7724609375 0.5947265625 0.763671875 0.603515625 0.7568359375 0.603515625 0.7470703125 0.5302734375 0.72265625
0 0.6220703125 0.416015625 0.5478515625 0.416015625 0.5107421875 0.41796875 0.474609375 0.4287109375 0.4873046875 0.44921875 0.5146484375 0.462890625 0.615234375 0.4638671875 0.6337890625 0.462890625 0.642578125 0.4560546875 0.6416015625 0.421875 0.6220703125 0.416015625
0 0.7119140625 0.509765625 0.6376953125 0.505859375 0.548828125 0.5126953125 0.5556640625 0.529296875 0.5830078125 0.54296875 0.6259765625 0.552734375 0.669921875 0.5517578125 0.7138671875 0.537109375 0.720703125 0.5302734375 0.71875 0.5146484375 0.7119140625 0.509765625
0 0.7724609375 0.453125 0.6884765625 0.451171875 0.671875 0.4560546875 0.671875 0.4658203125 0.6845703125 0.474609375 0.7275390625 0.48828125 0.755859375 0.4892578125 0.7685546875 0.486328125 0.78125 0.4697265625 0.78125 0.4599609375 0.7724609375 0.453125
0 0.9521484375 0.396484375 0.9404296875 0.396484375 0.9345703125 0.38671875 0.916015625 0.4013671875 0.91015625 0.4091796875 0.908203125 0.4541015625 0.9140625 0.4716796875 0.9326171875 0.486328125 1 0.4931640625 0.9970703125 0.353515625 0.9638671875 0.36328125 0.955078125 0.3740234375 0.9521484375 0.396484375
0 0.8232421875 0.48828125 0.814453125 0.4931640625 0.8173828125 0.501953125 0.8330078125 0.5078125 0.876953125 0.5107421875 0.896484375 0.5048828125 0.8984375 0.4931640625 0.8935546875 0.48828125 0.8232421875 0.48828125
0 0.6259765625 0.572265625 0.6064453125 0.576171875 0.59375 0.5869140625 0.6083984375 0.603515625 0.6435546875 0.619140625 0.67578125 0.6181640625 0.7060546875 0.6015625 0.716796875 0.5849609375 0.6962890625 0.576171875 0.6259765625 0.572265625
0 0.5615234375 0.642578125 0.544921875 0.6552734375 0.5654296875 0.669921875 0.611328125 0.6708984375 0.6279296875 0.666015625 0.62890625 0.6552734375 0.5947265625 0.642578125 0.5615234375 0.642578125
0 0.7626953125 0.5546875 0.73046875 0.5673828125 0.7451171875 0.580078125 0.77734375 0.5830078125 0.8037109375 0.578125 0.8125 0.5673828125 0.810546875 0.5615234375 0.7626953125 0.5546875
0 0.9208984375 0.515625 0.9052734375 0.515625 0.8671875 0.5419921875 0.8701171875 0.55078125 0.904296875 0.5537109375 0.9169921875 0.541015625 0.9404296875 0.537109375 0.94921875 0.5283203125 0.9208984375 0.515625
0 0.916015625 0.6650390625 0.916015625 0.6748046875 0.9345703125 0.689453125 0.970703125 0.6884765625 0.982421875 0.6806640625 0.9794921875 0.6640625 0.9267578125 0.658203125 0.916015625 0.6650390625
0 0.9287109375 0.6171875 0.912109375 0.6259765625 0.91015625 0.6396484375 0.9208984375 0.65234375 0.96875 0.6513671875 0.990234375 0.6416015625 0.990234375 0.6259765625 0.9833984375 0.6171875 0.9287109375 0.6171875
0 0.9599609375 0.6015625 1 0.6025390625 0.9990234375 0.576171875 0.9599609375 0.576171875 0.94921875 0.5830078125 0.9599609375 0.6015625
0 0.7978515625 0.705078125 0.783203125 0.7177734375 0.78515625 0.7294921875 0.7958984375 0.740234375 0.888671875 0.7431640625 0.904296875 0.7373046875 0.904296875 0.7255859375 0.8837890625 0.7109375 0.7978515625 0.705078125
0 0.765625 0.6396484375 0.7763671875 0.658203125 0.8134765625 0.669921875 0.857421875 0.6689453125 0.884765625 0.6591796875 0.8818359375 0.638671875 0.7861328125 0.62890625 0.765625 0.6396484375
0 1 0.7431640625 0.9404296875 0.744140625 0.9375 0.7568359375 0.947265625 0.7685546875 1 0.8154296875 1 0.7431640625
0 0.630859375 0.6982421875 0.6318359375 0.716796875 0.666015625 0.7177734375 0.671875 0.7021484375 0.6650390625 0.693359375 0.6416015625 0.69140625 0.630859375 0.6982421875
0 0.6826171875 0.669921875 0.669921875 0.6806640625 0.6767578125 0.69140625 0.6904296875 0.697265625 0.732421875 0.7021484375 0.7509765625 0.6953125 0.763671875 0.6787109375 0.7255859375 0.669921875 0.6826171875 0.669921875
0 0.5439453125 0.857421875 0.537109375 0.8935546875 0.5498046875 0.90234375 0.580078125 0.9013671875 0.607421875 0.8857421875 0.611328125 0.8681640625 0.5869140625 0.857421875 0.5439453125 0.857421875
0 0.7099609375 0.876953125 0.62890625 0.8798828125 0.6435546875 0.908203125 0.701171875 0.9111328125 0.7119140625 0.908203125 0.72265625 0.8935546875 0.720703125 0.8837890625 0.7099609375 0.876953125