0 0.3310546875 0.509765625 0.36328125 0.5126953125 0.365234375 0.5048828125 0.3583984375 0.5 0.326171875 0.5029296875 0.3310546875 0.509765625
0 0.375 0.4365234375 0.3701171875 0.427734375 0.3203125 0.4228515625 0.3232421875 0.4296875 0.375 0.4365234375
0 0.1875 0.7119140625 0.1884765625 0.728515625 0.240234375 0.7353515625 0.2421875 0.7236328125 0.2275390625 0.70703125 0.1923828125 0.70703125 0.1875 0.7119140625
0 0.2001953125 0.638671875 0.2197265625 0.642578125 0.259765625 0.6435546875 0.2890625 0.6396484375 0.2548828125 0.626953125 0.19921875 0.6318359375 0.2001953125 0.638671875
0 0.2705078125 0.580078125 0.263671875 0.5849609375 0.2744140625 0.6015625 0.33984375 0.6083984375 0.3388671875 0.6015625 0.3134765625 0.595703125 0.3017578125 0.58203125 0.2705078125 0.580078125
0 0.37890625 0.6845703125 0.37890625 0.6923828125 0.39453125 0.7021484375 0.4013671875 0.71875 0.4375 0.7216796875 0.4775390625 0.716796875 0.482421875 0.7021484375 0.4267578125 0.673828125 0.37890625 0.6845703125
0 0.3115234375 0.798828125 0.2802734375 0.8125 0.2294921875 0.80859375 0.2265625 0.8134765625 0.2294921875 0.8203125 0.2568359375 0.83203125 0.3642578125 0.841796875 0.3720703125 0.849609375 0.416015625 0.8486328125 0.435546875 0.8349609375 0.4306640625 0.82421875 0.3544921875 0.79296875 0.3115234375 0.798828125
0 0.5087890625 0.880859375 0.4306640625 0.86328125 0.4208984375 0.869140625 0.3759765625 0.87109375 0.353515625 0.8837890625 0.3515625 0.8994140625 0.36328125 0.9287109375 0.3876953125 0.951171875 0.4501953125 0.97265625 0.51171875 0.9716796875 0.5595703125 0.95703125 0.564453125 0.9326171875 0.5498046875 0.912109375 0.5087890625 0.880859375
0 0.6259765625 0.78515625 0.5634765625 0.771484375 0.4599609375 0.7578125 0.447265625 0.7646484375 0.4541015625 0.78125 0.4892578125 0.798828125 0.5068359375 0.798828125 0.5244140625 0.81640625 0.57421875 0.8154296875 0.6103515625 0.810546875 0.6357421875 0.814453125 0.642578125 0.7998046875 0.6259765625 0.78515625
0 0.6494140625 0.8359375 0.623046875 0.8427734375 0.623046875 0.8544921875 0.6474609375 0.865234375 0.6787109375 0.8984375 0.705078125 0.9013671875 0.712890625 0.8935546875 0.71484375 0.8779296875 0.7001953125 0.849609375 0.6494140625 0.8359375
0 0.556640625 0.6181640625 0.5732421875 0.62890625 0.638671875 0.6396484375 0.642578125 0.6298828125 0.6279296875 0.619140625 0.5830078125 0.611328125 0.556640625 0.6181640625
0 0.373046875 0.5849609375 0.3740234375 0.572265625 0.33203125 0.5693359375 0.3388671875 0.58203125 0.373046875 0.5849609375
0 0.373046875 0.5380859375 0.3759765625 0.544921875 0.3896484375 0.548828125 0.431640625 0.5517578125 0.4306640625 0.544921875 0.3994140625 0.533203125 0.3779296875 0.53125 0.373046875 0.5380859375
0 0.4775390625 0.498046875 0.47265625 0.5048828125 0.4775390625 0.51171875 0.5390625 0.5166015625 0.55078125 0.5107421875 0.5478515625 0.505859375 0.4970703125 0.498046875 0.4775390625 0.498046875
0 0.251953125 0.9990234375 0.2470703125 0.9921875 0.2314453125 0.9921875 0.22265625 0.9990234375 0.251953125 0.9990234375
0 0.1875 0.9833984375 0.203125 0.9794921875 0.00390625 0.9794921875 0.0048828125 0.984375 0.1875 0.9833984375
0 0.0498046875 0.998046875 0.0439453125 0.9921875 0.03515625 0.9951171875 0.0361328125 1 0.080078125 0.9990234375 0.0751953125 0.9921875 0.0654296875 0.998046875 0.0595703125 0.9921875 0.0498046875 0.998046875
0 0.208984375 0.9814453125 0.28125 0.9833984375 0.2783203125 0.974609375 0.2685546875 0.98046875 0.2470703125 0.9765625 0.208984375 0.9814453125
0 0.34765625 0.9990234375 0.40625 0.9990234375 0.4052734375 0.9921875 0.3759765625 0.99609375 0.3740234375 0.990234375 0.34765625 0.9990234375
0 0.14435188125 0.9975685593750001 0.189453125 0.9990234375 0.1865234375 0.9921875 0.1533203125 0.9921875 0.14435188125 0.9975685593750001
0 0.076171875 0.9677734375 0.0771484375 0.962890625 0.00390625 0.9638671875 0.0048828125 0.96875 0.076171875 0.9677734375
0 0.0654296875 0.705078125 0.0068359375 0.69921875 0 0.7041015625 0.00390625 0.7197265625 0.0126953125 0.720703125 0.0185546875 0.734375 0.06640625 0.7412109375 0.07421875 0.7373046875 0.0625 0.7294921875 0.0703125 0.7197265625 0.0654296875 0.705078125
0 0.716796875 0.5712890625 0.7392578125 0.58203125 0.7734375 0.5849609375 0.7744140625 0.5703125 0.7470703125 0.560546875 0.7255859375 0.55859375 0.716796875 0.5712890625
0 0.427734375 0.4423828125 0.4501953125 0.44921875 0.50390625 0.4501953125 0.5009765625 0.44140625 0.4501953125 0.43359375 0.4345703125 0.43359375 0.427734375 0.4423828125