0 0 0.2685546875 0.0107421875 0.283203125 0.015625 0.2822265625 0.0927734375 0.26171875 0.095703125 0.2529296875 0.083984375 0.2373046875 0.0849609375 0.2265625 0.1455078125 0.2109375 0.1513671875 0.21875 0.1689453125 0.216796875 0.16796875 0.2099609375 0.15625 0.2021484375 0.1533203125 0.189453125 0.1357421875 0.197265625 0.1162109375 0.197265625 0.1064453125 0.185546875 0.0908203125 0.185546875 0.0673828125 0.19921875 0.0595703125 0.193359375 0.0224609375 0.201171875 0.04296875 0.2041015625 0.0224609375 0.205078125 0.017578125 0.2158203125 0.02734375 0.2177734375 0.0078125 0.2294921875 0.015625 0.2353515625 0.015625 0.2451171875 0 0.2548828125 0 0.2685546875
0 0.0400390625 0.349609375 0.05859375 0.3486328125 0.0830078125 0.341796875 0.0859375 0.3291015625 0.03515625 0.3330078125 0.0400390625 0.349609375
0 0.23046875 0.4951171875 0.224609375 0.4697265625 0.2333984375 0.46875 0.2373046875 0.4609375 0.2490234375 0.4609375 0.28125 0.4267578125 0.279296875 0.4091796875 0.2861328125 0.40234375 0.4189453125 0.3671875 0.423828125 0.3603515625 0.423828125 0.3310546875 0.4189453125 0.326171875 0.3662109375 0.32421875 0.1982421875 0.380859375 0.0966796875 0.404296875 0.0751953125 0.404296875 0.091796875 0.4150390625 0.083984375 0.4208984375 0.08984375 0.4287109375 0.072265625 0.4345703125 0.0849609375 0.43359375 0.08984375 0.4423828125 0.072265625 0.4560546875 0.068359375 0.5009765625 0.1298828125 0.525390625 0.1591796875 0.546875 0.171875 0.5458984375 0.1904296875 0.54296875 0.205078125 0.5263671875 0.20703125 0.5126953125 0.23046875 0.4951171875
0 0.37890625 0.4794921875 0.3544921875 0.4765625 0.2490234375 0.505859375 0.2421875 0.5146484375 0.251953125 0.5302734375 0.26953125 0.5419921875 0.2041015625 0.572265625 0.197265625 0.5830078125 0.2158203125 0.6015625 0.25 0.6005859375 0.3134765625 0.576171875 0.322265625 0.5498046875 0.36328125 0.5224609375 0.37890625 0.4794921875
0 0.1044921875 0.677734375 0.033203125 0.6962890625 0.041015625 0.7314453125 0.048828125 0.7392578125 0.0712890625 0.728515625 0.099609375 0.7041015625 0.107421875 0.6904296875 0.1044921875 0.677734375
0 0.2685546875 0.73828125 0.2890625 0.7158203125 0.28515625 0.6884765625 0.2802734375 0.68359375 0.2470703125 0.685546875 0.1806640625 0.701171875 0.083984375 0.7431640625 0.087890625 0.7568359375 0.1083984375 0.7734375 0.166015625 0.7783203125 0.1943359375 0.775390625 0.2158203125 0.76171875 0.2431640625 0.755859375 0.2685546875 0.73828125
0 0.2197265625 0.859375 0.1923828125 0.849609375 0.1220703125 0.8515625 0.1025390625 0.857421875 0.109375 0.8076171875 0.1015625 0.7861328125 0.0771484375 0.783203125 0.05859375 0.7880859375 0.0703125 0.8466796875 0.08984375 0.8857421875 0.087890625 0.9130859375 0.1103515625 1 0.30078125 0.9990234375 0.29296875 0.9775390625 0.248046875 0.9267578125 0.236328125 0.8779296875 0.2197265625 0.859375
0 0.6162109375 0.392578125 0.5888671875 0.392578125 0.5419921875 0.40234375 0.4912109375 0.41796875 0.4609375 0.4345703125 0.4697265625 0.451171875 0.517578125 0.4580078125 0.6123046875 0.431640625 0.625 0.4150390625 0.623046875 0.3994140625 0.6162109375 0.392578125
0 0.5869140625 0.328125 0.5517578125 0.341796875 0.5244140625 0.333984375 0.4873046875 0.349609375 0.4736328125 0.34375 0.46484375 0.3486328125 0.46484375 0.3623046875 0.4755859375 0.375 0.5380859375 0.37109375 0.548828125 0.3955078125 0.5625 0.3955078125 0.6025390625 0.388671875 0.609375 0.3818359375 0.59375 0.3330078125 0.5869140625 0.328125
0 0.427734375 0.4365234375 0.4306640625 0.4296875 0.4443359375 0.4296875 0.447265625 0.4228515625 0.4365234375 0.41015625 0.4287109375 0.416015625 0.4130859375 0.412109375 0.4013671875 0.423828125 0.3427734375 0.4296875 0.32421875 0.4404296875 0.32421875 0.4521484375 0.3310546875 0.458984375 0.349609375 0.4599609375 0.3837890625 0.44921875 0.4208984375 0.447265625 0.43359375 0.4404296875 0.427734375 0.4365234375
0 0.71875 0.4677734375 0.7119140625 0.4609375 0.6982421875 0.4609375 0.6220703125 0.474609375 0.548828125 0.5029296875 0.5556640625 0.513671875 0.5712890625 0.51953125 0.63671875 0.5205078125 0.6728515625 0.51171875 0.7060546875 0.4921875 0.716796875 0.4814453125 0.71875 0.4677734375
0 0.7021484375 0.400390625 0.65625 0.4208984375 0.6728515625 0.431640625 0.720703125 0.4306640625 0.7529296875 0.423828125 0.76171875 0.3955078125 0.7470703125 0.392578125 0.7021484375 0.400390625
0 0.923828125 0.2646484375 0.921875 0.2841796875 0.9267578125 0.2890625 0.9443359375 0.28515625 0.958984375 0.2998046875 0.953125 0.2607421875 0.947265625 0.2431640625 0.9404296875 0.2421875 0.923828125 0.2646484375
0 0.955078125 0.3212890625 0.9482421875 0.330078125 0.9189453125 0.33984375 0.8896484375 0.33984375 0.8828125 0.3232421875 0.876953125 0.3251953125 0.876953125 0.3544921875 0.88671875 0.3701171875 0.8955078125 0.37890625 0.9140625 0.3837890625 0.98046875 0.3740234375 0.9619140625 0.3046875 0.953125 0.3076171875 0.955078125 0.3212890625
0 0.9267578125 0.423828125 0.9130859375 0.4140625 0.8955078125 0.416015625 0.900390625 0.4072265625 0.8896484375 0.40625 0.8798828125 0.39453125 0.8232421875 0.40625 0.802734375 0.4169921875 0.8076171875 0.42578125 0.8369140625 0.427734375 0.8544921875 0.4375 0.8642578125 0.4609375 0.888671875 0.4599609375 0.9091796875 0.453125 0.9150390625 0.439453125 0.94140625 0.4228515625 0.9267578125 0.423828125
0 0.740234375 0.5068359375 0.7431640625 0.515625 0.771484375 0.5185546875 0.8076171875 0.505859375 0.818359375 0.4892578125 0.7841796875 0.486328125 0.740234375 0.5068359375
0 0.5126953125 0.583984375 0.4580078125 0.599609375 0.447265625 0.6083984375 0.4541015625 0.62109375 0.4765625 0.6240234375 0.5419921875 0.609375 0.5625 0.5830078125 0.5439453125 0.578125 0.5126953125 0.583984375
0 0.48828125 0.6943359375 0.4794921875 0.6875 0.4541015625 0.6875 0.3876953125 0.703125 0.3564453125 0.716796875 0.33984375 0.7314453125 0.3359375 0.7470703125 0.3564453125 0.765625 0.376953125 0.7685546875 0.4365234375 0.765625 0.4716796875 0.75390625 0.4921875 0.7353515625 0.48828125 0.6943359375
0 0.38671875 0.8369140625 0.3779296875 0.828125 0.3408203125 0.833984375 0.2783203125 0.865234375 0.271484375 0.8779296875 0.2734375 0.8955078125 0.30078125 0.9013671875 0.3388671875 0.89453125 0.3857421875 0.873046875 0.390625 0.8623046875 0.38671875 0.8369140625
0 0.4423828125 0.953125 0.421875 0.9736328125 0.4208984375 1 0.5234375 0.9990234375 0.537109375 0.9716796875 0.5322265625 0.951171875 0.4677734375 0.9453125 0.4423828125 0.953125
0 0.658203125 0.7138671875 0.5791015625 0.7109375 0.5712890625 0.724609375 0.5693359375 0.716796875 0.5556640625 0.72265625 0.541015625 0.7392578125 0.541015625 0.7529296875 0.5576171875 0.76171875 0.57421875 0.7607421875 0.6064453125 0.75390625 0.6513671875 0.734375 0.66015625 0.7275390625 0.658203125 0.7138671875
0 0.6533203125 0.6171875 0.6220703125 0.6171875 0.5927734375 0.625 0.580078125 0.6396484375 0.5888671875 0.6484375 0.6171875 0.6474609375 0.6474609375 0.640625 0.6630859375 0.630859375 0.6640625 0.6240234375 0.6533203125 0.6171875
0 0.9296875 0.5322265625 0.9384765625 0.54296875 0.953125 0.5439453125 0.9990234375 0.53125 1 0.4990234375 0.9423828125 0.51171875 0.9296875 0.5322265625
0 0.9638671875 0.484375 0.9765625 0.4873046875 1 0.4814453125 0.9990234375 0.455078125 0.955078125 0.4697265625 0.9638671875 0.484375
0 0.8896484375 0.54296875 0.8369140625 0.548828125 0.8115234375 0.5546875 0.791015625 0.5693359375 0.791015625 0.5771484375 0.8017578125 0.5859375 0.859375 0.5869140625 0.8974609375 0.57421875 0.908203125 0.5654296875 0.91015625 0.5517578125 0.8896484375 0.54296875
0 0.6943359375 0.6484375 0.673828125 0.6611328125 0.673828125 0.6767578125 0.685546875 0.6787109375 0.7099609375 0.673828125 0.716796875 0.6669921875 0.7119140625 0.650390625 0.6943359375 0.6484375
0 0.7451171875 0.61328125 0.7177734375 0.62109375 0.708984375 0.6298828125 0.7138671875 0.642578125 0.755859375 0.6435546875 0.7822265625 0.634765625 0.798828125 0.6162109375 0.798828125 0.6083984375 0.7451171875 0.61328125
0 0.9306640625 0.61328125 0.8876953125 0.615234375 0.828125 0.6337890625 0.826171875 0.6455078125 0.8408203125 0.66015625 0.861328125 0.6591796875 0.9345703125 0.642578125 0.94921875 0.6318359375 0.947265625 0.6240234375 0.9306640625 0.61328125
0 0.6943359375 0.830078125 0.6630859375 0.826171875 0.626953125 0.8408203125 0.62890625 0.8720703125 0.65234375 0.8779296875 0.6787109375 0.869140625 0.6953125 0.8544921875 0.69921875 0.8408203125 0.6943359375 0.830078125
0 0.7880859375 0.81640625 0.716796875 0.8369140625 0.7333984375 0.861328125 0.759765625 0.8603515625 0.7998046875 0.84765625 0.80859375 0.8369140625 0.806640625 0.8232421875 0.7880859375 0.81640625
0 0.7431640625 0.67578125 0.7578125 0.6767578125 0.775390625 0.6708984375 0.7724609375 0.65625 0.7421875 0.6630859375 0.7431640625 0.67578125