0 0.2255859375 0.166015625 0.2333984375 0.16796875 0.2373046875 0.16015625 0.2490234375 0.169921875 0.251953125 0.1513671875 0.2255859375 0.1328125 0.1259765625 0.1328125 0.1162109375 0.142578125 0.1064453125 0.13671875 0.080078125 0.1455078125 0.0830078125 0.171875 0.16015625 0.1708984375 0.166015625 0.1669921875 0.1650390625 0.15625 0.2255859375 0.15625 0.2255859375 0.166015625
0 0.1005859375 0.220703125 0.0830078125 0.205078125 0.0576171875 0.21875 0.0419921875 0.212890625 0.0322265625 0.19921875 0 0.2001953125 0.0009765625 0.24609375 0.0888671875 0.244140625 0.107421875 0.2490234375 0.1357421875 0.24609375 0.140625 0.2333984375 0.1279296875 0.22265625 0.1005859375 0.220703125
0 0 0.2939453125 0.0009765625 0.33984375 0.0224609375 0.341796875 0.0712890625 0.326171875 0.1083984375 0.33203125 0.1240234375 0.34375 0.234375 0.3427734375 0.2333984375 0.30859375 0.0673828125 0.3046875 0.0556640625 0.29296875 0 0.2939453125
0 0.236328125 0.3115234375 0.0947265625 0.3046875 0.08984375 0.3349609375 0.09765625 0.3486328125 0.083984375 0.3955078125 0.1611328125 0.462890625 0.19140625 0.4638671875 0.2080078125 0.455078125 0.2177734375 0.44140625 0.2421875 0.4306640625 0.236328125 0.3115234375
0 0.4443359375 0.35546875 0.4609375 0.3505859375 0.4658203125 0.330078125 0.46875 0.3486328125 0.4736328125 0.349609375 0.4794921875 0.333984375 0.4892578125 0.33984375 0.498046875 0.3271484375 0.490234375 0.3232421875 0.4873046875 0.30078125 0.4462890625 0.2890625 0.4248046875 0.2890625 0.4091796875 0.296875 0.2412109375 0.30859375 0.240234375 0.3818359375 0.2490234375 0.392578125 0.263671875 0.3916015625 0.3017578125 0.380859375 0.3173828125 0.349609375 0.4345703125 0.349609375 0.4443359375 0.35546875
0 0.376953125 0.4716796875 0.37890625 0.4521484375 0.3623046875 0.443359375 0.2822265625 0.443359375 0.2529296875 0.44921875 0.248046875 0.4521484375 0.2529296875 0.462890625 0.259765625 0.4619140625 0.2578125 0.4697265625 0.2802734375 0.482421875 0.1904296875 0.49609375 0.181640625 0.5029296875 0.1875 0.5205078125 0.2021484375 0.53125 0.2216796875 0.537109375 0.26171875 0.5361328125 0.3017578125 0.52734375 0.3154296875 0.505859375 0.3642578125 0.484375 0.376953125 0.4716796875
0 0.0693359375 0.576171875 0.0009765625 0.576171875 0.001953125 0.6279296875 0.0595703125 0.603515625 0.072265625 0.5927734375 0.07421875 0.5810546875 0.0693359375 0.576171875
0 0.24609375 0.6259765625 0.2099609375 0.619140625 0.1357421875 0.619140625 0.0869140625 0.62890625 0.0517578125 0.62890625 0.04296875 0.6357421875 0.044921875 0.6572265625 0.0576171875 0.669921875 0.1044921875 0.6875 0.140625 0.6904296875 0.1904296875 0.685546875 0.2333984375 0.669921875 0.248046875 0.6513671875 0.24609375 0.6259765625
0 0 0.9990234375 0.203125 0.9990234375 0.189453125 0.9833984375 0.18359375 0.9228515625 0.1640625 0.8935546875 0.150390625 0.8525390625 0.150390625 0.8037109375 0.142578125 0.7880859375 0.0986328125 0.765625 0.0634765625 0.759765625 0.0302734375 0.765625 0 0.7978515625 0 0.9990234375
0 0.0302734375 0.677734375 0.0009765625 0.673828125 0 0.7548828125 0.005859375 0.7548828125 0.03515625 0.7373046875 0.04296875 0.7197265625 0.04296875 0.6962890625 0.0302734375 0.677734375
0 0.3037109375 0.7890625 0.2529296875 0.787109375 0.1982421875 0.798828125 0.185546875 0.8134765625 0.1875 0.8310546875 0.2099609375 0.841796875 0.263671875 0.8427734375 0.3017578125 0.833984375 0.310546875 0.8232421875 0.310546875 0.7998046875 0.3037109375 0.7890625
0 0.4453125 0.6884765625 0.4345703125 0.67578125 0.4072265625 0.669921875 0.3349609375 0.669921875 0.3076171875 0.67578125 0.2880859375 0.685546875 0.28125 0.6962890625 0.28515625 0.7099609375 0.3115234375 0.73046875 0.396484375 0.7412109375 0.4208984375 0.73828125 0.44140625 0.7255859375 0.4375 0.7099609375 0.4453125 0.6884765625
0 0.3720703125 0.537109375 0.3515625 0.5517578125 0.3515625 0.5654296875 0.3642578125 0.580078125 0.400390625 0.5810546875 0.42578125 0.5732421875 0.423828125 0.5556640625 0.4111328125 0.5390625 0.3720703125 0.537109375
0 0.4365234375 0.5859375 0.408203125 0.5947265625 0.4111328125 0.603515625 0.4443359375 0.615234375 0.5234375 0.6142578125 0.53515625 0.6005859375 0.53515625 0.5908203125 0.5224609375 0.5859375 0.4365234375 0.5859375
0 0.6337890625 0.41796875 0.5107421875 0.41796875 0.474609375 0.4287109375 0.4873046875 0.44921875 0.5224609375 0.46484375 0.6171875 0.4638671875 0.6318359375 0.462890625 0.64453125 0.4521484375 0.64453125 0.4267578125 0.6337890625 0.41796875
0 0.7119140625 0.509765625 0.6376953125 0.505859375 0.548828125 0.5126953125 0.5556640625 0.529296875 0.5849609375 0.54296875 0.6259765625 0.552734375 0.66796875 0.5517578125 0.7138671875 0.537109375 0.720703125 0.5283203125 0.71875 0.5146484375 0.7119140625 0.509765625
0 0.6787109375 0.451171875 0.669921875 0.4619140625 0.6806640625 0.47265625 0.7314453125 0.48828125 0.76171875 0.4873046875 0.78125 0.4677734375 0.78125 0.4599609375 0.7724609375 0.453125 0.6787109375 0.451171875
0 0.6552734375 0.572265625 0.6259765625 0.572265625 0.595703125 0.5830078125 0.6005859375 0.59765625 0.6435546875 0.619140625 0.67578125 0.6181640625 0.7060546875 0.6015625 0.716796875 0.5849609375 0.7060546875 0.578125 0.6552734375 0.572265625
0 0.5322265625 0.72265625 0.5009765625 0.7265625 0.48046875 0.7451171875 0.478515625 0.7568359375 0.5009765625 0.7734375 0.552734375 0.7724609375 0.5947265625 0.763671875 0.603515625 0.7568359375 0.603515625 0.7470703125 0.5322265625 0.72265625
0 0.5615234375 0.642578125 0.544921875 0.6552734375 0.5576171875 0.66796875 0.611328125 0.6708984375 0.6279296875 0.666015625 0.62890625 0.6552734375 0.5947265625 0.642578125 0.5615234375 0.642578125
0 0.8232421875 0.48828125 0.814453125 0.4931640625 0.8173828125 0.501953125 0.8388671875 0.509765625 0.87890625 0.5107421875 0.896484375 0.5048828125 0.8984375 0.4931640625 0.8935546875 0.48828125 0.8232421875 0.48828125
0 0.9208984375 0.517578125 0.9033203125 0.517578125 0.8671875 0.5419921875 0.8720703125 0.55078125 0.904296875 0.5537109375 0.9169921875 0.54296875 0.9423828125 0.53515625 0.9453125 0.5283203125 0.9208984375 0.517578125
0 0.91015625 0.4501953125 0.912109375 0.4697265625 0.9345703125 0.486328125 1 0.4931640625 0.9990234375 0.427734375 0.9892578125 0.4296875 0.9755859375 0.4453125 0.91015625 0.4501953125
0 0.7626953125 0.5546875 0.73046875 0.5673828125 0.7451171875 0.580078125 0.779296875 0.5830078125 0.8017578125 0.580078125 0.8125 0.5634765625 0.7900390625 0.5546875 0.7626953125 0.5546875
0 1 0.3876953125 0.990234375 0.3857421875 0.986328125 0.3681640625 0.9814453125 0.365234375 0.9619140625 0.375 0.958984375 0.3837890625 0.970703125 0.4013671875 0.9853515625 0.416015625 1 0.4150390625 1 0.3876953125
0 0.9306640625 0.6171875 0.912109375 0.6259765625 0.91015625 0.6396484375 0.9169921875 0.650390625 0.96875 0.6513671875 0.990234375 0.6416015625 0.990234375 0.6240234375 0.9833984375 0.6171875 0.9306640625 0.6171875
0 0.9599609375 0.6015625 1 0.6025390625 0.9990234375 0.576171875 0.9599609375 0.576171875 0.94921875 0.5830078125 0.9599609375 0.6015625
0 0.7958984375 0.705078125 0.783203125 0.7158203125 0.78515625 0.7294921875 0.7978515625 0.740234375 0.888671875 0.7431640625 0.904296875 0.7373046875 0.904296875 0.7255859375 0.8837890625 0.7109375 0.7958984375 0.705078125
0 0.765625 0.6396484375 0.765625 0.6474609375 0.7763671875 0.658203125 0.8134765625 0.669921875 0.85546875 0.6689453125 0.884765625 0.6591796875 0.8818359375 0.638671875 0.7841796875 0.62890625 0.765625 0.6396484375
0 0.669921875 0.6806640625 0.6767578125 0.69140625 0.6904296875 0.697265625 0.73046875 0.7021484375 0.7509765625 0.6953125 0.763671875 0.6767578125 0.6826171875 0.669921875 0.669921875 0.6806640625
0 1 0.7431640625 0.9404296875 0.744140625 0.9375 0.7548828125 0.94921875 0.7705078125 1 0.8095703125 1 0.7431640625
0 0.5439453125 0.857421875 0.537109375 0.8935546875 0.5498046875 0.90234375 0.580078125 0.9013671875 0.607421875 0.8857421875 0.611328125 0.8681640625 0.5869140625 0.857421875 0.5439453125 0.857421875
0 0.41796875 0.9755859375 0.42578125 0.9580078125 0.423828125 0.9482421875 0.3818359375 0.927734375 0.3349609375 0.92578125 0.310546875 0.9423828125 0.30859375 0.9580078125 0.2978515625 0.970703125 0.2744140625 0.96484375 0.25390625 0.9775390625 0.2626953125 1 0.31640625 0.9990234375 0.3212890625 0.990234375 0.3427734375 0.98046875 0.3955078125 0.9921875 0.41796875 0.9755859375
0 0.7099609375 0.876953125 0.62890625 0.8798828125 0.6435546875 0.908203125 0.701171875 0.9111328125 0.7119140625 0.908203125 0.72265625 0.8935546875 0.720703125 0.8837890625 0.7099609375 0.876953125
0 1 0.9658203125 0.9873046875 0.962890625 0.9677734375 0.96484375 0.9208984375 0.98828125 0.8544921875 0.98828125 0.841796875 0.9951171875 0.8427734375 1 1 0.9990234375 1 0.9658203125