0 0.9111328125 0.4140625 0.89453125 0.4267578125 0.88671875 0.4443359375 0.884765625 0.4716796875 0.89453125 0.4873046875 0.89453125 0.5302734375 0.875 0.5498046875 0.875 0.5615234375 0.908203125 0.6201171875 0.9189453125 0.630859375 0.94140625 0.6318359375 0.96875 0.5771484375 0.970703125 0.4873046875 0.94921875 0.4365234375 0.9111328125 0.4140625
0 0.865234375 0.3798828125 0.8671875 0.2939453125 0.865234375 0.2841796875 0.8505859375 0.2734375 0.845703125 0.2744140625 0.84375 0.3330078125 0.82421875 0.3662109375 0.81640625 0.4033203125 0.83203125 0.4853515625 0.845703125 0.4892578125 0.859375 0.4677734375 0.865234375 0.4404296875 0.859375 0.4033203125 0.865234375 0.3798828125
0 0.7724609375 0.490234375 0.767578125 0.4951171875 0.771484375 0.5498046875 0.763671875 0.6396484375 0.771484375 0.6826171875 0.7763671875 0.689453125 0.787109375 0.6884765625 0.79296875 0.6455078125 0.791015625 0.5185546875 0.787109375 0.4990234375 0.7724609375 0.490234375
0 0.8515625 0.7177734375 0.8359375 0.7099609375 0.8359375 0.6826171875 0.8193359375 0.67578125 0.810546875 0.7041015625 0.81640625 0.7568359375 0.8349609375 0.76171875 0.8388671875 0.7734375 0.85546875 0.7724609375 0.865234375 0.7666015625 0.865234375 0.7392578125 0.8515625 0.7255859375 0.8515625 0.7177734375
0 0.73046875 0.6923828125 0.732421875 0.6279296875 0.7216796875 0.625 0.71875 0.6826171875 0.73046875 0.6923828125
0 0.7080078125 0.41015625 0.7001953125 0.41015625 0.689453125 0.4423828125 0.689453125 0.4716796875 0.697265625 0.5068359375 0.7041015625 0.513671875 0.716796875 0.5126953125 0.732421875 0.4677734375 0.732421875 0.4404296875 0.712890625 0.4287109375 0.7080078125 0.41015625
0 0.548828125 0.4091796875 0.5546875 0.4384765625 0.5625 0.4404296875 0.56640625 0.3974609375 0.564453125 0.3857421875 0.5537109375 0.3828125 0.548828125 0.4091796875
0 0.603515625 0.3896484375 0.607421875 0.3544921875 0.5947265625 0.345703125 0.591796875 0.3896484375 0.603515625 0.3896484375
0 0.61328125 0.3232421875 0.625 0.3310546875 0.625 0.3564453125 0.6328125 0.3603515625 0.634765625 0.2880859375 0.6201171875 0.283203125 0.61328125 0.2900390625 0.61328125 0.3232421875
0 0.66796875 0.3115234375 0.67578125 0.3134765625 0.68359375 0.2763671875 0.6806640625 0.224609375 0.66796875 0.2568359375 0.66796875 0.3115234375
0 0.751953125 0.2646484375 0.7626953125 0.283203125 0.7734375 0.2822265625 0.775390625 0.2275390625 0.7626953125 0.224609375 0.75390625 0.2314453125 0.751953125 0.2646484375
0 0.52734375 0.7841796875 0.541015625 0.7861328125 0.54296875 0.6689453125 0.5322265625 0.662109375 0.521484375 0.7451171875 0.52734375 0.7841796875
0 0.59765625 0.6416015625 0.603515625 0.6591796875 0.6171875 0.6611328125 0.6171875 0.5908203125 0.6083984375 0.576171875 0.59765625 0.5986328125 0.59765625 0.6416015625
0 0.5 0.5478515625 0.505859375 0.5498046875 0.513671875 0.5400390625 0.5126953125 0.474609375 0.5 0.4873046875 0.5 0.5478515625
0 0.45703125 0.3681640625 0.458984375 0.3134765625 0.4521484375 0.310546875 0.44921875 0.3642578125 0.45703125 0.3681640625