0 0.15625 0.2021484375 0.1435546875 0.19140625 0.1025390625 0.208984375 0.044921875 0.2548828125 0.04296875 0.2783203125 0.0498046875 0.2890625 0.1123046875 0.310546875 0.1474609375 0.337890625 0.177734375 0.3427734375 0.189453125 0.3271484375 0.19140625 0.2998046875 0.158203125 0.2490234375 0.15625 0.2021484375
0 0.03515625 0.3095703125 0.0048828125 0.30078125 0.001953125 0.4130859375 0.0078125 0.4150390625 0.0361328125 0.41015625 0.05078125 0.3974609375 0.0546875 0.3662109375 0.03515625 0.3095703125
0 0.54296875 0.2216796875 0.537109375 0.1845703125 0.50390625 0.1142578125 0.501953125 0.0810546875 0.4931640625 0.08203125 0.4912109375 0.0703125 0.490234375 0.0869140625 0.5 0.0908203125 0.4921875 0.0986328125 0.5 0.1025390625 0.501953125 0.1142578125 0.4921875 0.1259765625 0.4921875 0.1357421875 0.458984375 0.1572265625 0.447265625 0.1884765625 0.4365234375 0.1953125 0.3759765625 0.19921875 0.36328125 0.2099609375 0.3779296875 0.23046875 0.4150390625 0.25390625 0.455078125 0.2666015625 0.466796875 0.2548828125 0.4658203125 0.224609375 0.5224609375 0.234375 0.54296875 0.2216796875
0 0.375 0.0166015625 0.482421875 0.0576171875 0.48828125 0.0556640625 0.486328125 0.0126953125 0.4775390625 0.001953125 0.375 0.0166015625
0 0.5068359375 0 0.501953125 0.0068359375 0.517578125 0.0166015625 0.55078125 0.0712890625 0.576171875 0.1005859375 0.59765625 0.1787109375 0.6083984375 0.1953125 0.626953125 0.2001953125 0.6494140625 0.19140625 0.6669921875 0.166015625 0.6767578125 0.171875 0.6875 0.1533203125 0.6591796875 0.1328125 0.6015625 0.1181640625 0.595703125 0.1064453125 0.595703125 0.0693359375 0.572265625 0.0126953125 0.5615234375 0 0.5068359375 0
0 0.8544921875 0 0.8154296875 0.005859375 0.7978515625 0.009765625 0.796875 0.0146484375 0.8232421875 0.017578125 0.7958984375 0.01953125 0.7919921875 0.02734375 0.7529296875 0.04296875 0.7197265625 0.041015625 0.7060546875 0.04296875 0.6943359375 0.052734375 0.6708984375 0.05078125 0.6640625 0.0556640625 0.67578125 0.0849609375 0.6904296875 0.1015625 0.7119140625 0.103515625 0.716796875 0.0986328125 0.71484375 0.0830078125 0.7216796875 0.08203125 0.7236328125 0.099609375 0.7294921875 0.095703125 0.7509765625 0.10546875 0.7724609375 0.10546875 0.7841796875 0.1171875 0.7958984375 0.119140625 0.8134765625 0.103515625 0.8251953125 0.107421875 0.8427734375 0.09765625 0.8505859375 0.1015625 0.8623046875 0.087890625 0.8915336281249999 0.1451055484375 0.9212159 0.13885196875 0.9089517078125 0.1167767515625 0.927734375 0.1123046875 0.9267578125 0.08203125 0.9453125 0.0888671875 0.9375 0.0947265625 0.935546875 0.1103515625 0.947265625 0.1181640625 0.951171875 0.0751953125 0.943359375 0.0126953125 0.9365234375 0 0.8544921875 0
0 0.72265625 0.0986328125 0.7236328125 0.08203125 0.7177734375 0.099609375 0.7138671875 0.095703125 0.7060546875 0.10546875 0.6806640625 0.10546875 0.6767578125 0.11328125 0.666015625 0.1162109375 0.671875 0.1376953125 0.693359375 0.1494140625 0.6953125 0.1669921875 0.71875 0.1689453125 0.7578125 0.1591796875 0.75390625 0.1201171875 0.7373046875 0.103515625 0.72265625 0.0986328125
0 0.697265625 0.1728515625 0.6884765625 0.169921875 0.69140625 0.1748046875 0.697265625 0.1728515625
0 0.761868503125 0.1607396640625 0.798828125 0.1494140625 0.798828125 0.1337890625 0.7900390625 0.126953125 0.7462462046875 0.11227393125 0.761868503125 0.1607396640625
0 0.625 0.0908203125 0.6025390625 0.0859375 0.59765625 0.1005859375 0.609375 0.1162109375 0.60546875 0.1025390625 0.6201171875 0.09375 0.6220703125 0.103515625 0.625 0.0908203125
0 0.337890625 0.2822265625 0.349609375 0.2548828125 0.3427734375 0.23828125 0.3349609375 0.244140625 0.3271484375 0.23828125 0.3203125 0.2451171875 0.3232421875 0.25 0.3193359375 0.24609375 0.2734375 0.2529296875 0.2783203125 0.2578125 0.30859375 0.2548828125 0.3076171875 0.265625 0.3017578125 0.26171875 0.265625 0.2666015625 0.265625 0.2763671875 0.27734375 0.2802734375 0.2587890625 0.28125 0.2578125 0.2919921875 0.263671875 0.2939453125 0.25 0.2998046875 0.279296875 0.3095703125 0.3095703125 0.30078125 0.3154296875 0.291015625 0.3232421875 0.29296875 0.337890625 0.2822265625
0 0.3427734375 0.236328125 0.3291015625 0.232421875 0.2861328125 0.2421875 0.267578125 0.2548828125 0.25390625 0.2744140625 0.248046875 0.3134765625 0.2529296875 0.318359375 0.271484375 0.3173828125 0.3232421875 0.294921875 0.34375 0.2763671875 0.349609375 0.2431640625 0.3427734375 0.236328125
0 0.197265625 0.3837890625 0.1806640625 0.373046875 0.1513671875 0.37890625 0.1083984375 0.40625 0.083984375 0.4345703125 0.078125 0.4541015625 0.0859375 0.4814453125 0.1103515625 0.517578125 0.1455078125 0.53515625 0.171875 0.5380859375 0.2138671875 0.53125 0.224609375 0.5185546875 0.228515625 0.5009765625 0.197265625 0.3837890625
0 0.220703125 0.3623046875 0.220703125 0.3740234375 0.2333984375 0.384765625 0.263671875 0.3876953125 0.275390625 0.3740234375 0.2666015625 0.34765625 0.2451171875 0.34765625 0.220703125 0.3623046875
0 0.1044921875 0.529296875 0.0498046875 0.5390625 0.029296875 0.5615234375 0.0390625 0.5966796875 0.068359375 0.6044921875 0.0966796875 0.583984375 0.107421875 0.5673828125 0.111328125 0.5400390625 0.1044921875 0.529296875
0 0.3095703125 0.52734375 0.2919921875 0.537109375 0.2744140625 0.560546875 0.2626953125 0.55859375 0.2451171875 0.56640625 0.2294921875 0.56640625 0.2138671875 0.541015625 0.201171875 0.5458984375 0.201171875 0.5751953125 0.2138671875 0.587890625 0.2607421875 0.59375 0.2724609375 0.578125 0.2822265625 0.59375 0.302734375 0.5986328125 0.3154296875 0.59375 0.32421875 0.5771484375 0.3203125 0.5361328125 0.3095703125 0.52734375
0 0.25 0.4775390625 0.2548828125 0.498046875 0.2626953125 0.50390625 0.279296875 0.5029296875 0.28515625 0.4892578125 0.2783203125 0.478515625 0.2666015625 0.47265625 0.25 0.4775390625
0 0.54296875 0.3779296875 0.53125 0.3525390625 0.51171875 0.3212890625 0.4833984375 0.29296875 0.4697265625 0.2890625 0.44921875 0.3056640625 0.44921875 0.3173828125 0.4296875 0.3408203125 0.43359375 0.3876953125 0.458984375 0.4755859375 0.4755859375 0.494140625 0.5 0.4990234375 0.5380859375 0.484375 0.5546875 0.4658203125 0.5546875 0.4443359375 0.54296875 0.3779296875
0 0.7275390625 0.345703125 0.734375 0.3193359375 0.73046875 0.3017578125 0.6982421875 0.265625 0.6611328125 0.2734375 0.64453125 0.2919921875 0.638671875 0.3115234375 0.61328125 0.3271484375 0.603515625 0.3486328125 0.60546875 0.3857421875 0.615234375 0.4072265625 0.634765625 0.4404296875 0.6474609375 0.453125 0.662109375 0.4560546875 0.720703125 0.4326171875 0.708984375 0.3740234375 0.6953125 0.3525390625 0.7275390625 0.345703125
0 0.7392578125 0.29296875 0.7646484375 0.31640625 0.8046875 0.3271484375 0.833984375 0.2998046875 0.8232421875 0.248046875 0.736328125 0.2607421875 0.7392578125 0.29296875
0 0.8818359375 0.3125 0.8662109375 0.32421875 0.8505859375 0.326171875 0.8369140625 0.3125 0.830078125 0.3134765625 0.84765625 0.3525390625 0.859375 0.3564453125 0.900390625 0.3447265625 0.900390625 0.3271484375 0.8916015625 0.314453125 0.8818359375 0.3125
0 0.9501953125 0.291015625 0.93359375 0.3056640625 0.921875 0.3310546875 0.9365234375 0.337890625 0.955078125 0.3369140625 0.96484375 0.3271484375 0.96484375 0.3134765625 0.9609375 0.2958984375 0.9501953125 0.291015625
0 0.572265625 0.5732421875 0.5517578125 0.5546875 0.5166015625 0.5390625 0.509765625 0.5615234375 0.494140625 0.5732421875 0.498046875 0.6142578125 0.5107421875 0.630859375 0.537109375 0.6298828125 0.5556640625 0.626953125 0.5625 0.6201171875 0.576171875 0.5849609375 0.572265625 0.5732421875
0 0.63671875 0.4716796875 0.6279296875 0.458984375 0.611328125 0.4677734375 0.58984375 0.4990234375 0.595703125 0.5458984375 0.625 0.5556640625 0.63671875 0.5478515625 0.6328125 0.5068359375 0.638671875 0.4931640625 0.63671875 0.4716796875
0 0.498046875 0.6650390625 0.466796875 0.6376953125 0.4423828125 0.603515625 0.4189453125 0.599609375 0.365234375 0.6416015625 0.365234375 0.6708984375 0.3994140625 0.701171875 0.4248046875 0.71484375 0.46484375 0.7177734375 0.4794921875 0.7109375 0.490234375 0.6884765625 0.498046875 0.6845703125 0.498046875 0.6650390625
0 0.23046875 0.6201171875 0.2265625 0.6435546875 0.240234375 0.6533203125 0.2451171875 0.669921875 0.2578125 0.6708984375 0.2578125 0.6240234375 0.2529296875 0.61328125 0.2431640625 0.611328125 0.23046875 0.6201171875
0 0.3427734375 0.619140625 0.36328125 0.6181640625 0.365234375 0.6025390625 0.3603515625 0.595703125 0.3359375 0.5986328125 0.3427734375 0.619140625
0 0.4365234375 0.525390625 0.3974609375 0.5390625 0.3828125 0.5615234375 0.3828125 0.5712890625 0.3935546875 0.5859375 0.41015625 0.5849609375 0.4580078125 0.568359375 0.47265625 0.5478515625 0.470703125 0.5322265625 0.4365234375 0.525390625
0 0.2919921875 0.537109375 0.27734375 0.5576171875 0.283203125 0.5927734375 0.3046875 0.5986328125 0.32421875 0.5771484375 0.3203125 0.5361328125 0.3095703125 0.52734375 0.2919921875 0.537109375
0 0.3330078125 0.716796875 0.3095703125 0.708984375 0.2822265625 0.72265625 0.2509765625 0.7265625 0.2421875 0.7353515625 0.220703125 0.7705078125 0.21875 0.7841796875 0.2392578125 0.814453125 0.2578125 0.8173828125 0.2978515625 0.798828125 0.32421875 0.7763671875 0.341796875 0.7392578125 0.3330078125 0.716796875
0 0.6494140625 0.578125 0.6162109375 0.583984375 0.5888671875 0.6015625 0.5625 0.6318359375 0.5703125 0.6591796875 0.5849609375 0.671875 0.6181640625 0.681640625 0.66015625 0.6806640625 0.6796875 0.6533203125 0.681640625 0.6279296875 0.673828125 0.5947265625 0.6494140625 0.578125
0 0.8515625 0.5751953125 0.853515625 0.5654296875 0.845703125 0.5556640625 0.85546875 0.5458984375 0.8505859375 0.53515625 0.8232421875 0.53515625 0.8154296875 0.5703125 0.7880859375 0.5625 0.76953125 0.5751953125 0.76171875 0.6181640625 0.7705078125 0.6328125 0.78515625 0.6337890625 0.810546875 0.6181640625 0.8115234375 0.59765625 0.8388671875 0.58984375 0.8515625 0.5751953125
0 1 0.6416015625 0.9951171875 0.63671875 0.9130859375 0.650390625 0.8701171875 0.6484375 0.80078125 0.7548828125 0.80078125 0.8701171875 0.814453125 0.8857421875 0.818359375 0.9072265625 0.828125 0.9091796875 0.8271484375 0.953125 0.8017578125 0.9609375 0.766428975 0.9581111921875 0.7478085296875 0.962769825 0.747480365625 0.962480571875 0.7470703125 0.962890625 0.7353515625 0.955078125 0.7255859375 0.95703125 0.7197265625 0.9453125 0.7099609375 0.9453125 0.70703125 0.9404296875 0.71484375 0.9345703125 0.6953125 0.9267578125 0.6937623937499999 0.9151320171874999 0.6826483671875 0.905335796875 0.693359375 0.9267578125 0.68359375 0.9501953125 0.681640625 0.9755859375 0.650390625 0.9794921875 0.669921875 0.9794921875 0.8310546875 0.958984375 0.841796875 0.9169921875 0.83984375 0.9033203125 0.8662109375 0.8828125 0.9404296875 0.861328125 1 0.8623046875 1 0.6416015625
0 0.7493706171875 0.7845408875000001 0.758744090625 0.700116640625 0.7212507890625 0.6876094796875 0.66015625 0.7978515625 0.666015625 0.8095703125 0.65625 0.8349609375 0.657356046875 0.840491175 0.7493706171875 0.7845408875000001
0 0.6573831171875 0.840626525 0.6640625 0.8740234375 0.6826171875 0.8984375 0.69140625 0.8974609375 0.6937623937499999 0.9151320171874999 0.747480365625 0.962480571875 0.7529296875 0.95703125 0.766428975 0.9581111921875 0.8102977234375001 0.9471357093749999 0.7728040640625 0.9174308671875 0.7962375125000001 0.8470773484375 0.7743663890625 0.772033546875 0.6573831171875 0.840626525
0 0.6240234375 0.736328125 0.6083984375 0.7265625 0.5654296875 0.73046875 0.5556640625 0.75390625 0.513671875 0.7646484375 0.501953125 0.7822265625 0.501953125 0.7939453125 0.505859375 0.8212890625 0.5185546875 0.833984375 0.5478515625 0.83203125 0.5791015625 0.845703125 0.61328125 0.8486328125 0.623046875 0.8369140625 0.61328125 0.7939453125 0.640625 0.7666015625 0.6240234375 0.736328125
0 0.5517578125 0.890625 0.4970703125 0.90234375 0.4541015625 0.87890625 0.4423828125 0.865234375 0.4267578125 0.86328125 0.4013671875 0.865234375 0.3916015625 0.880859375 0.3271484375 0.919921875 0.302734375 0.9794921875 0.3076171875 1 0.53515625 0.9990234375 0.5390625 0.9775390625 0.576171875 0.9228515625 0.57421875 0.8935546875 0.5517578125 0.890625
0 0.3779296875 0.74609375 0.326171875 0.7880859375 0.3271484375 0.80859375 0.3466796875 0.818359375 0.3671875 0.8173828125 0.396484375 0.7939453125 0.412109375 0.7568359375 0.4072265625 0.744140625 0.3779296875 0.74609375
0 0.3203125 0.8837890625 0.3095703125 0.8671875 0.2705078125 0.865234375 0.23046875 0.9033203125 0.22265625 0.9287109375 0.224609375 0.9482421875 0.2333984375 0.955078125 0.2578125 0.9541015625 0.2958984375 0.94921875 0.310546875 0.9404296875 0.3203125 0.9091796875 0.3203125 0.8837890625
0 0.6142578125 0.94140625 0.5888671875 0.95703125 0.57421875 0.9716796875 0.57421875 0.9892578125 0.58984375 0.9931640625 0.6376953125 0.986328125 0.646484375 0.9638671875 0.642578125 0.9423828125 0.6142578125 0.94140625
0 0.16796875 0.8662109375 0.166015625 0.8759765625 0.1806640625 0.876953125 0.181640625 0.8896484375 0.19140625 0.8994140625 0.220703125 0.8759765625 0.2216796875 0.84765625 0.1884765625 0.8515625 0.16796875 0.8662109375