0 0 0.7255859375 0.0224609375 0.73828125 0.046875 0.7373046875 0.0673828125 0.732421875 0.09765625 0.7119140625 0.142578125 0.6396484375 0.1484375 0.6162109375 0.140625 0.5908203125 0.099609375 0.5380859375 0.107421875 0.4794921875 0.103515625 0.4638671875 0.0927734375 0.458984375 0.0712890625 0.462890625 0.0185546875 0.505859375 0 0.5107421875 0 0.7255859375
0 0.0341796875 0.39453125 0.0107421875 0.400390625 0.00390625 0.4111328125 0.001953125 0.4658203125 0.025390625 0.4677734375 0.0390625 0.4521484375 0.052734375 0.4189453125 0.052734375 0.4033203125 0.0341796875 0.39453125
0 0.294921875 0.2998046875 0.291015625 0.2685546875 0.2783203125 0.263671875 0.2587890625 0.27734375 0.2431640625 0.2734375 0.2294921875 0.279296875 0.1748046875 0.2421875 0.1201171875 0.2421875 0.0927734375 0.259765625 0.0712890625 0.259765625 0.0400390625 0.24609375 0.0185546875 0.244140625 0.009765625 0.2822265625 0.009765625 0.3564453125 0.0283203125 0.359375 0.0595703125 0.34765625 0.0810546875 0.35546875 0.0986328125 0.37890625 0.1484375 0.3818359375 0.1748046875 0.37109375 0.1923828125 0.37109375 0.2529296875 0.345703125 0.294921875 0.2998046875
0 0.2705078125 0.185546875 0.318359375 0.1455078125 0.314453125 0.1005859375 0.2802734375 0.1015625 0.2705078125 0.11328125 0.2529296875 0.107421875 0.248046875 0.1298828125 0.2333984375 0.146484375 0.1904296875 0.162109375 0.1474609375 0.162109375 0.1279296875 0.150390625 0.0947265625 0.1484375 0.08984375 0.1689453125 0.0703125 0.1904296875 0.07421875 0.2060546875 0.0712890625 0.208984375 0.0537109375 0.19140625 0.05859375 0.2099609375 0.0537109375 0.203125 0.0439453125 0.203125 0.04296875 0.2158203125 0.0615234375 0.21875 0.0712890625 0.2109375 0.0654296875 0.220703125 0.0908203125 0.22265625 0.1025390625 0.234375 0.1171875 0.2333984375 0.1669921875 0.23046875 0.1748046875 0.224609375 0.2080078125 0.2265625 0.2705078125 0.185546875
0 0.1552734375 0 0.1279296875 0.00390625 0.1240234375 0.013671875 0.11328125 0.0126953125 0.103515625 0.0283203125 0.1103515625 0.044921875 0.1318359375 0.04296875 0.1494140625 0.03125 0.1708984375 0.03125 0.185546875 0.0478515625 0.169921875 0.0712890625 0.169921875 0.0849609375 0.181640625 0.1064453125 0.21875 0.1083984375 0.23046875 0.1025390625 0.2353515625 0.087890625 0.25390625 0.0849609375 0.2666015625 0.05859375 0.2861328125 0.05859375 0.318359375 0.0302734375 0.3154296875 0 0.1552734375 0
0 0.439453125 0.1806640625 0.439453125 0.1611328125 0.4326171875 0.150390625 0.4072265625 0.1484375 0.3935546875 0.15625 0.3828125 0.1689453125 0.37890625 0.1982421875 0.3515625 0.2080078125 0.34375 0.2392578125 0.3564453125 0.25 0.375 0.2490234375 0.3974609375 0.244140625 0.427734375 0.2255859375 0.427734375 0.2021484375 0.439453125 0.1806640625
0 0.412109375 0.3623046875 0.3896484375 0.3359375 0.3447265625 0.33203125 0.30859375 0.3525390625 0.306640625 0.3779296875 0.32421875 0.4345703125 0.3427734375 0.44921875 0.36328125 0.4521484375 0.388671875 0.4287109375 0.400390625 0.4072265625 0.412109375 0.3818359375 0.412109375 0.3623046875
0 0.2587890625 0.46484375 0.265625 0.4560546875 0.265625 0.4111328125 0.2548828125 0.3984375 0.2177734375 0.396484375 0.1943359375 0.416015625 0.1611328125 0.40625 0.14453125 0.4189453125 0.15234375 0.4365234375 0.150390625 0.4521484375 0.16796875 0.4833984375 0.16796875 0.5126953125 0.1806640625 0.5234375 0.2109375 0.5244140625 0.2236328125 0.5234375 0.240234375 0.5068359375 0.2421875 0.4697265625 0.2587890625 0.46484375
0 0.3701171875 0.55078125 0.3603515625 0.556640625 0.3388671875 0.53515625 0.3037109375 0.53125 0.2890625 0.5458984375 0.29296875 0.5908203125 0.3388671875 0.6484375 0.36328125 0.6513671875 0.388671875 0.6279296875 0.41015625 0.5791015625 0.3857421875 0.5546875 0.3701171875 0.55078125
0 0.30859375 0.7158203125 0.30859375 0.6982421875 0.2939453125 0.6796875 0.2802734375 0.677734375 0.2412109375 0.701171875 0.22265625 0.7255859375 0.20703125 0.7666015625 0.2138671875 0.791015625 0.2333984375 0.8046875 0.25 0.8056640625 0.2822265625 0.787109375 0.30078125 0.7646484375 0.30078125 0.7294921875 0.30859375 0.7158203125
0 0.2626953125 0.609375 0.2158203125 0.630859375 0.201171875 0.6494140625 0.197265625 0.6787109375 0.20703125 0.6982421875 0.220703125 0.7041015625 0.248046875 0.6806640625 0.267578125 0.6435546875 0.26953125 0.6201171875 0.2626953125 0.609375
0 0.1416015625 0.71484375 0.1083984375 0.71484375 0.07421875 0.7353515625 0.0703125 0.8017578125 0.0771484375 0.814453125 0.095703125 0.8154296875 0.1318359375 0.798828125 0.154296875 0.7705078125 0.15625 0.7353515625 0.1416015625 0.71484375
0 0.4287109375 0.44140625 0.4052734375 0.43359375 0.3876953125 0.44921875 0.37109375 0.4541015625 0.369140625 0.5029296875 0.3876953125 0.513671875 0.427734375 0.5146484375 0.4423828125 0.49609375 0.458984375 0.4892578125 0.458984375 0.4814453125 0.4287109375 0.44140625
0 0.716796875 0.2822265625 0.6689453125 0.251953125 0.634765625 0.2587890625 0.6318359375 0.294921875 0.5947265625 0.279296875 0.5517578125 0.275390625 0.54296875 0.3095703125 0.53125 0.3291015625 0.53515625 0.3486328125 0.5458984375 0.359375 0.6005859375 0.384765625 0.638671875 0.3857421875 0.6611328125 0.375 0.673828125 0.3505859375 0.712890625 0.3212890625 0.716796875 0.2822265625
0 0.4716796875 0.533203125 0.4443359375 0.5390625 0.43359375 0.5576171875 0.423828125 0.6103515625 0.4306640625 0.62109375 0.44921875 0.6240234375 0.4638671875 0.615234375 0.478515625 0.5947265625 0.48046875 0.5576171875 0.4716796875 0.533203125
0 0.6728515625 0.470703125 0.6259765625 0.44921875 0.5595703125 0.443359375 0.5302734375 0.4453125 0.51171875 0.4658203125 0.50390625 0.5146484375 0.5322265625 0.541015625 0.6220703125 0.55859375 0.66015625 0.5576171875 0.6865234375 0.537109375 0.6982421875 0.537109375 0.71484375 0.5107421875 0.6728515625 0.470703125
0 0.5009765625 0.361328125 0.4853515625 0.369140625 0.4501953125 0.3671875 0.435546875 0.3759765625 0.4375 0.3955078125 0.4501953125 0.41015625 0.484375 0.4130859375 0.4931640625 0.412109375 0.52734375 0.3818359375 0.5263671875 0.365234375 0.5009765625 0.361328125
0 0.3583984375 0.7734375 0.3720703125 0.775390625 0.3837890625 0.787109375 0.396484375 0.7861328125 0.41015625 0.7724609375 0.4052734375 0.755859375 0.357421875 0.7548828125 0.3583984375 0.7734375
0 0.45703125 0.7724609375 0.4609375 0.7294921875 0.48046875 0.7158203125 0.490234375 0.6923828125 0.4794921875 0.68359375 0.4365234375 0.68359375 0.42578125 0.6923828125 0.419921875 0.7080078125 0.435546875 0.7353515625 0.4296875 0.7666015625 0.443359375 0.7978515625 0.4521484375 0.8046875 0.462890625 0.8037109375 0.4814453125 0.80078125 0.484375 0.7900390625 0.4677734375 0.78515625 0.45703125 0.7724609375
0 0.4384765625 0.68359375 0.42578125 0.6923828125 0.42578125 0.7236328125 0.455078125 0.7314453125 0.484375 0.7099609375 0.490234375 0.6923828125 0.4833984375 0.685546875 0.4384765625 0.68359375
0 0.650390625 0.7958984375 0.5361328125 0.7734375 0.5068359375 0.77734375 0.49609375 0.7880859375 0.49609375 0.8544921875 0.5224609375 0.89453125 0.5654296875 0.916015625 0.5859375 0.9169921875 0.5986328125 0.9140625 0.640625 0.8642578125 0.65625 0.8232421875 0.650390625 0.7958984375
0 0.6494140625 0.716796875 0.638671875 0.7236328125 0.63671875 0.7412109375 0.6484375 0.7626953125 0.66015625 0.7666015625 0.673828125 0.7392578125 0.673828125 0.7255859375 0.6630859375 0.716796875 0.6494140625 0.716796875
0 0.7705078125 0.62890625 0.7412109375 0.634765625 0.72265625 0.6552734375 0.70703125 0.6943359375 0.703125 0.7275390625 0.7080078125 0.736328125 0.724609375 0.7353515625 0.7509765625 0.7265625 0.7734375 0.7021484375 0.78125 0.6416015625 0.7705078125 0.62890625
0 0.8662109375 0.478515625 0.9267578125 0.4765625 0.9267578125 0.4609375 0.8896484375 0.462890625 0.8076171875 0.435546875 0.771484375 0.4365234375 0.763671875 0.4619140625 0.779296875 0.5107421875 0.7470703125 0.513671875 0.73828125 0.5341796875 0.78125 0.6025390625 0.798828125 0.6259765625 0.806640625 0.6279296875 0.826171875 0.5810546875 0.81640625 0.5283203125 0.8447265625 0.515625 0.8662109375 0.478515625
0 0.8359375 0.8271484375 0.8251953125 0.818359375 0.7841796875 0.8203125 0.7255859375 0.791015625 0.6884765625 0.802734375 0.6875 0.8251953125 0.701171875 0.8486328125 0.72265625 0.8681640625 0.75 0.9306640625 0.7587890625 0.9375 0.78125 0.9365234375 0.802734375 0.9130859375 0.826171875 0.8720703125 0.837890625 0.8369140625 0.8359375 0.8271484375
0 0.6328125 0.9521484375 0.6298828125 1 0.75 0.9990234375 0.734375 0.9501953125 0.7158203125 0.94140625 0.6533203125 0.93359375 0.6328125 0.9521484375
0 0.5009765625 0.892578125 0.4833984375 0.892578125 0.4599609375 0.90625 0.435546875 0.9423828125 0.4462890625 0.96875 0.4599609375 0.974609375 0.482421875 0.9736328125 0.5 0.9580078125 0.505859375 0.9384765625 0.5078125 0.8994140625 0.5009765625 0.892578125
0 0.517578125 0.7373046875 0.5302734375 0.75 0.544921875 0.7490234375 0.544921875 0.7236328125 0.5341796875 0.71484375 0.5224609375 0.71484375 0.517578125 0.7373046875
0 0.5859375 0.2021484375 0.580078125 0.2373046875 0.6025390625 0.248046875 0.630859375 0.2490234375 0.630859375 0.2138671875 0.615234375 0.1806640625 0.6005859375 0.17578125 0.5859375 0.2021484375
0 0.646484375 0.1943359375 0.66015625 0.2216796875 0.6865234375 0.24609375 0.716796875 0.2451171875 0.72265625 0.1552734375 0.6689453125 0.15234375 0.646484375 0.1787109375 0.646484375 0.1943359375
0 0.9619140625 0.37890625 0.9580078125 0.37109375 0.9169921875 0.365234375 0.9091796875 0.3515625 0.8974609375 0.37109375 0.8701171875 0.36328125 0.859375 0.3212890625 0.845703125 0.2978515625 0.8271484375 0.27734375 0.8125 0.2783203125 0.79296875 0.3525390625 0.8017578125 0.3671875 0.8349609375 0.3828125 0.8837890625 0.38671875 0.9384765625 0.421875 0.9814453125 0.4375 1 0.4580078125 0.994140625 0.4482421875 1 0.4443359375 0.9990234375 0.39453125 0.9619140625 0.37890625
0 0.623046875 0.0361328125 0.625 0.0576171875 0.6337890625 0.0703125 0.638671875 0.0693359375 0.666015625 0.0400390625 0.6650390625 0.025390625 0.6416015625 0.021484375 0.623046875 0.0361328125
0 0.6279296875 0.0859375 0.619140625 0.0947265625 0.615234375 0.1376953125 0.638671875 0.1416015625 0.65234375 0.1123046875 0.65234375 0.0966796875 0.6376953125 0.0859375 0.6279296875 0.0859375
0 0.7021484375 0.130859375 0.724609375 0.1357421875 0.7275390625 0.111328125 0.69140625 0.1123046875 0.69140625 0.1201171875 0.7021484375 0.130859375
0 1 0.0205078125 0.8310546875 0.017578125 0.818359375 0.0322265625 0.822265625 0.1298828125 0.8271484375 0.138671875 0.85546875 0.1455078125 0.84375 0.1494140625 0.8427734375 0.1640625 0.8642578125 0.150390625 0.88671875 0.1591796875 0.875 0.1669921875 0.8828125 0.1767578125 0.873046875 0.1826171875 0.880859375 0.1923828125 0.875 0.1943359375 0.875 0.2138671875 0.8984375 0.2314453125 0.890625 0.2353515625 0.890625 0.2529296875 0.90234375 0.2607421875 0.88671875 0.2783203125 0.9111328125 0.283203125 0.9130859375 0.287109375 0.90625 0.2861328125 0.9111328125 0.294921875 0.927734375 0.2958984375 0.927734375 0.2900390625 0.921875 0.2900390625 0.921875 0.2236328125 0.931640625 0.2001953125 0.93359375 0.1708984375 0.9521484375 0.158203125 1 0.1591796875 1 0.0205078125