0 0.9541015625 0.1953125 0.8974609375 0.193359375 0.8818359375 0.201171875 0.8544921875 0.1953125 0.8388671875 0.19921875 0.8232421875 0.19140625 0.8134765625 0.1953125 0.8076171875 0.20703125 0.7939453125 0.20703125 0.78515625 0.1982421875 0.787109375 0.1845703125 0.7802734375 0.18359375 0.759765625 0.2294921875 0.7626953125 0.2421875 0.8095703125 0.25390625 0.8583984375 0.25390625 0.9169921875 0.263671875 0.9248046875 0.271484375 0.9345703125 0.265625 0.9404296875 0.27734375 0.9765625 0.2822265625 0.9609375 0.2744140625 0.99609375 0.2724609375 1 0.2138671875 0.9541015625 0.1953125
0 0.6357421875 0.326171875 0.6240234375 0.31640625 0.5849609375 0.310546875 0.5654296875 0.310546875 0.560546875 0.3212890625 0.5498046875 0.326171875 0.5185546875 0.3203125 0.5107421875 0.341796875 0.5048828125 0.322265625 0.498046875 0.3271484375 0.4970703125 0.34375 0.47265625 0.3466796875 0.484375 0.3505859375 0.4853515625 0.36328125 0.4990234375 0.34765625 0.5029296875 0.369140625 0.5126953125 0.3515625 0.5283203125 0.345703125 0.5322265625 0.369140625 0.537109375 0.3525390625 0.5439453125 0.349609375 0.5517578125 0.361328125 0.5751953125 0.373046875 0.6025390625 0.375 0.6357421875 0.388671875 0.7138671875 0.404296875 0.72265625 0.4111328125 0.71875 0.4384765625 0.7373046875 0.447265625 0.7431640625 0.45703125 0.7626953125 0.458984375 0.771484375 0.4658203125 0.796875 0.4130859375 0.80078125 0.3876953125 0.7880859375 0.37890625 0.6357421875 0.326171875
0 0.9111328125 0.515625 0.93359375 0.5087890625 0.935546875 0.4638671875 0.947265625 0.4580078125 0.9404296875 0.4140625 0.8994140625 0.41015625 0.8115234375 0.38671875 0.8046875 0.3896484375 0.77734375 0.4775390625 0.78125 0.5029296875 0.8076171875 0.544921875 0.8154296875 0.55078125 0.837890625 0.5517578125 0.8642578125 0.54296875 0.8779296875 0.53125 0.8974609375 0.529296875 0.9111328125 0.515625
0 0.4501953125 0.3984375 0.4052734375 0.388671875 0.3916015625 0.388671875 0.37890625 0.3974609375 0.376953125 0.4111328125 0.3857421875 0.431640625 0.4541015625 0.455078125 0.5 0.4599609375 0.5283203125 0.453125 0.53515625 0.4326171875 0.4951171875 0.412109375 0.4501953125 0.3984375
0 0.2470703125 0.38671875 0.23828125 0.3935546875 0.244140625 0.4150390625 0.2548828125 0.423828125 0.326171875 0.4267578125 0.345703125 0.4169921875 0.3115234375 0.400390625 0.2666015625 0.388671875 0.2470703125 0.38671875
0 0.0576171875 0.326171875 0.046875 0.3193359375 0.046875 0.2998046875 0.0419921875 0.296875 0.029296875 0.3291015625 0.0234375 0.3662109375 0.1015625 0.3720703125 0.1171875 0.3583984375 0.12109375 0.3291015625 0.0888671875 0.3359375 0.0576171875 0.326171875
0 0 0.5615234375 0.0390625 0.5673828125 0.0546875 0.5576171875 0.048828125 0.5419921875 0.068359375 0.5283203125 0.0703125 0.5166015625 0.0322265625 0.490234375 0.0009765625 0.484375 0 0.5302734375 0.015625 0.5322265625 0 0.5341796875 0 0.5615234375
0 0.1103515625 0.4140625 0.0947265625 0.408203125 0.05859375 0.4111328125 0.056640625 0.4169921875 0.0849609375 0.43359375 0.0966796875 0.44921875 0.126953125 0.4560546875 0.134765625 0.4541015625 0.13671875 0.4404296875 0.1259765625 0.435546875 0.1103515625 0.4140625
0 0.1171875 0.3916015625 0.1220703125 0.412109375 0.1552734375 0.421875 0.1875 0.4208984375 0.19921875 0.4169921875 0.1943359375 0.40625 0.1318359375 0.388671875 0.1171875 0.3916015625
0 0.0625 0.2490234375 0.05078125 0.2548828125 0.046875 0.2763671875 0.0673828125 0.275390625 0.0859375 0.2841796875 0.08984375 0.2529296875 0.0771484375 0.240234375 0.0654296875 0.23828125 0.0625 0.2490234375
0 0 0.4716796875 0.03125 0.4775390625 0.044921875 0.4697265625 0.044921875 0.4619140625 0.0009765625 0.4453125 0 0.4716796875
0 0.2099609375 0.478515625 0.2099609375 0.47265625 0.1904296875 0.474609375 0.1845703125 0.462890625 0.1728515625 0.4609375 0.158203125 0.4697265625 0.16796875 0.4892578125 0.177734375 0.4951171875 0.177734375 0.5029296875 0.1904296875 0.509765625 0.25 0.5146484375 0.259765625 0.5107421875 0.259765625 0.5009765625 0.2412109375 0.48828125 0.2099609375 0.478515625
0 0.1474609375 0.6171875 0.0732421875 0.60546875 0.0556640625 0.611328125 0.048828125 0.6220703125 0.0576171875 0.6328125 0.0732421875 0.638671875 0.1279296875 0.65234375 0.15625 0.6533203125 0.169921875 0.6435546875 0.171875 0.6337890625 0.1650390625 0.623046875 0.1474609375 0.6171875
0 0.1904296875 0.55078125 0.1240234375 0.537109375 0.0966796875 0.537109375 0.08984375 0.5439453125 0.091796875 0.5595703125 0.1064453125 0.5703125 0.1416015625 0.58203125 0.181640625 0.5810546875 0.1982421875 0.580078125 0.20703125 0.5732421875 0.20703125 0.5634765625 0.1904296875 0.55078125
0 0.3701171875 0.470703125 0.2958984375 0.455078125 0.283203125 0.4619140625 0.283203125 0.4775390625 0.3232421875 0.5078125 0.39453125 0.5205078125 0.4365234375 0.515625 0.451171875 0.5029296875 0.4462890625 0.49609375 0.3701171875 0.470703125
0 0.2939453125 0.5234375 0.271484375 0.5283203125 0.27734375 0.5478515625 0.2998046875 0.5703125 0.337890625 0.5771484375 0.3798828125 0.5703125 0.388671875 0.5576171875 0.3544921875 0.53515625 0.2939453125 0.5234375
0 0.1953125 0.6044921875 0.2216796875 0.634765625 0.2734375 0.6396484375 0.2890625 0.6318359375 0.2802734375 0.6171875 0.2470703125 0.607421875 0.1953125 0.6044921875
0 0.67578125 0.4345703125 0.6533203125 0.4296875 0.6435546875 0.419921875 0.5869140625 0.412109375 0.5537109375 0.400390625 0.5283203125 0.3984375 0.5185546875 0.40625 0.5126953125 0.3984375 0.5078125 0.4072265625 0.5263671875 0.42578125 0.5458984375 0.431640625 0.5576171875 0.443359375 0.5927734375 0.4453125 0.6435546875 0.458984375 0.666015625 0.4580078125 0.6669921875 0.451171875 0.650390625 0.4482421875 0.6787109375 0.4453125 0.67578125 0.4345703125
0 0.7314453125 0.52734375 0.7353515625 0.53125 0.7509765625 0.521484375 0.7509765625 0.51171875 0.6513671875 0.48046875 0.630859375 0.4814453125 0.62890625 0.5068359375 0.634765625 0.5205078125 0.681640625 0.5400390625 0.6796875 0.5693359375 0.6865234375 0.578125 0.7275390625 0.599609375 0.7568359375 0.607421875 0.779296875 0.6064453125 0.7958984375 0.6015625 0.802734375 0.5830078125 0.71484375 0.5419921875 0.7314453125 0.52734375
0 0.5546875 0.5908203125 0.5810546875 0.609375 0.611328125 0.6142578125 0.62890625 0.6005859375 0.62890625 0.5849609375 0.5810546875 0.55859375 0.5546875 0.5908203125
0 0.5048828125 0.5859375 0.4580078125 0.576171875 0.439453125 0.5810546875 0.4501953125 0.607421875 0.5205078125 0.626953125 0.5390625 0.6259765625 0.5615234375 0.623046875 0.564453125 0.6142578125 0.5498046875 0.6015625 0.5048828125 0.5859375
0 0.3466796875 0.61328125 0.333984375 0.6201171875 0.3466796875 0.63671875 0.3818359375 0.646484375 0.41015625 0.6455078125 0.416015625 0.6357421875 0.4052734375 0.623046875 0.3701171875 0.61328125 0.3466796875 0.61328125
0 0.4189453125 0.708984375 0.337890625 0.7119140625 0.3359375 0.7236328125 0.3564453125 0.73828125 0.4296875 0.7626953125 0.455078125 0.7529296875 0.453125 0.7333984375 0.4404296875 0.71875 0.4189453125 0.708984375
0 0.5498046875 0.689453125 0.5205078125 0.6875 0.5078125 0.6962890625 0.5078125 0.7353515625 0.5166015625 0.75 0.5615234375 0.767578125 0.630859375 0.7705078125 0.66015625 0.7509765625 0.654296875 0.7314453125 0.6357421875 0.716796875 0.5498046875 0.689453125
0 0.8154296875 0.70703125 0.7568359375 0.69140625 0.712890625 0.6884765625 0.70703125 0.7177734375 0.7412109375 0.75390625 0.8037109375 0.783203125 0.84765625 0.7861328125 0.8759765625 0.78515625 0.8974609375 0.775390625 0.9140625 0.7490234375 0.8154296875 0.70703125
0 0.900390625 0.7158203125 0.9267578125 0.73828125 0.94921875 0.7470703125 0.962890625 0.7041015625 0.8935546875 0.685546875 0.888671875 0.6943359375 0.900390625 0.7158203125
0 0.7099609375 0.869140625 0.6572265625 0.83984375 0.6259765625 0.83203125 0.609375 0.8349609375 0.603515625 0.8662109375 0.6103515625 0.876953125 0.6630859375 0.900390625 0.69921875 0.9052734375 0.7119140625 0.904296875 0.72265625 0.8935546875 0.720703125 0.8779296875 0.7099609375 0.869140625
0 0.88671875 0.8525390625 0.9052734375 0.87109375 0.916015625 0.8740234375 0.9375 0.7939453125 0.8994140625 0.7890625 0.888671875 0.8037109375 0.88671875 0.8525390625
0 0.8720703125 0.861328125 0.8115234375 0.857421875 0.7900390625 0.857421875 0.767578125 0.8740234375 0.755859375 0.8935546875 0.74609375 0.9326171875 0.6875 0.9990234375 0.8828125 0.9990234375 0.904296875 0.9208984375 0.896484375 0.8935546875 0.900390625 0.8720703125 0.8720703125 0.861328125
0 0.18359375 0.8212890625 0.185546875 0.8330078125 0.2060546875 0.849609375 0.259765625 0.8564453125 0.27734375 0.8388671875 0.2666015625 0.826171875 0.2041015625 0.810546875 0.18359375 0.8212890625
0 0.296875 0.8310546875 0.296875 0.8486328125 0.3076171875 0.859375 0.3251953125 0.87109375 0.349609375 0.8759765625 0.3671875 0.8662109375 0.3662109375 0.833984375 0.3154296875 0.822265625 0.296875 0.8310546875
0 0.4619140625 1 0.4638671875 0.994140625 0.4697265625 1 0.5703125 0.9990234375 0.568359375 0.9658203125 0.5458984375 0.951171875 0.5107421875 0.9453125 0.4560546875 0.94921875 0.451171875 0.9638671875 0.4404296875 0.96875 0.4326171875 0.955078125 0.4091796875 0.951171875 0.4033203125 0.9375 0.3701171875 0.9140625 0.3291015625 0.9140625 0.318359375 0.9208984375 0.3330078125 0.939453125 0.357421875 0.9482421875 0.361328125 0.9599609375 0.353515625 0.9736328125 0.3779296875 0.984375 0.4345703125 1 0.4619140625 1