0 0.55078125 0.9033203125 0.5341796875 0.890625 0.5048828125 0.880859375 0.4912109375 0.892578125 0.4501953125 0.892578125 0.4267578125 0.87109375 0.4052734375 0.869140625 0.3544921875 0.89453125 0.337890625 0.9130859375 0.3369140625 0.931640625 0.3583984375 0.943359375 0.3701171875 0.94140625 0.3818359375 0.955078125 0.4248046875 0.96875 0.46875 0.9677734375 0.5029296875 0.96484375 0.5322265625 0.951171875 0.5546875 0.9189453125 0.55078125 0.9033203125
0 0.6123046875 0.83203125 0.5849609375 0.822265625 0.5263671875 0.82421875 0.4931640625 0.83203125 0.486328125 0.8408203125 0.5068359375 0.861328125 0.5361328125 0.869140625 0.5673828125 0.865234375 0.6044921875 0.875 0.689453125 0.8798828125 0.69921875 0.8701171875 0.6982421875 0.861328125 0.6455078125 0.85546875 0.6123046875 0.83203125
0 0.7021484375 0.791015625 0.75390625 0.7919921875 0.7490234375 0.771484375 0.7177734375 0.767578125 0.69921875 0.7783203125 0.7021484375 0.791015625
0 0.5439453125 0.689453125 0.4892578125 0.693359375 0.470703125 0.7060546875 0.4736328125 0.716796875 0.5009765625 0.73046875 0.548828125 0.7353515625 0.5576171875 0.720703125 0.576171875 0.7138671875 0.576171875 0.7060546875 0.5439453125 0.689453125
0 0.494140625 0.7685546875 0.4658203125 0.759765625 0.3427734375 0.75 0.3115234375 0.75 0.29296875 0.7626953125 0.2978515625 0.77734375 0.3466796875 0.78515625 0.3916015625 0.802734375 0.41015625 0.8017578125 0.4365234375 0.80078125 0.4501953125 0.791015625 0.4736328125 0.7890625 0.494140625 0.7685546875
0 0.2607421875 0.794921875 0.2158203125 0.798828125 0.19921875 0.8154296875 0.19921875 0.8427734375 0.236328125 0.8486328125 0.2705078125 0.82421875 0.2978515625 0.8203125 0.30078125 0.8056640625 0.2607421875 0.794921875
0 0.7138671875 0.69921875 0.759765625 0.7021484375 0.7568359375 0.693359375 0.7177734375 0.681640625 0.673828125 0.6845703125 0.7138671875 0.69921875
0 0.6650390625 0.625 0.6298828125 0.63671875 0.615234375 0.6513671875 0.6181640625 0.6640625 0.6416015625 0.671875 0.685546875 0.6748046875 0.705078125 0.6591796875 0.7109375 0.6396484375 0.7060546875 0.62890625 0.6650390625 0.625
0 0.5595703125 0.5703125 0.611328125 0.5712890625 0.615234375 0.5673828125 0.6064453125 0.556640625 0.5546875 0.5615234375 0.5595703125 0.5703125
0 0.3466796875 0.587890625 0.330078125 0.5986328125 0.3427734375 0.609375 0.3984375 0.6103515625 0.41796875 0.6025390625 0.4072265625 0.59375 0.3681640625 0.587890625 0.3466796875 0.587890625
0 0.2158203125 0.5234375 0.267578125 0.5244140625 0.267578125 0.5107421875 0.2587890625 0.505859375 0.212890625 0.5107421875 0.2158203125 0.5234375
0 0.4599609375 0.51171875 0.521484375 0.5166015625 0.525390625 0.5107421875 0.5205078125 0.501953125 0.44921875 0.4990234375 0.4599609375 0.51171875
0 0.6376953125 0.46875 0.6474609375 0.470703125 0.69140625 0.4716796875 0.6923828125 0.46484375 0.6728515625 0.45703125 0.634765625 0.4619140625 0.6376953125 0.46875
0 0.580078125 0.4619140625 0.5751953125 0.44921875 0.5078125 0.4482421875 0.5478515625 0.4609375 0.580078125 0.4619140625