0 0.107421875 0.4775390625 0.126953125 0.4560546875 0.126953125 0.4345703125 0.09765625 0.3818359375 0.0791015625 0.3671875 0.0634765625 0.365234375 0.037109375 0.4189453125 0.029296875 0.4873046875 0.03515625 0.5283203125 0.044921875 0.5556640625 0.0615234375 0.5703125 0.0849609375 0.58203125 0.09765625 0.5810546875 0.11328125 0.5615234375 0.119140625 0.5341796875 0.111328125 0.5205078125 0.107421875 0.4775390625
0 0.1796875 0.5498046875 0.1630859375 0.509765625 0.1513671875 0.513671875 0.142578125 0.5263671875 0.13671875 0.5615234375 0.142578125 0.5888671875 0.134765625 0.6298828125 0.134765625 0.7080078125 0.140625 0.7236328125 0.154296875 0.7314453125 0.158203125 0.6669921875 0.177734375 0.6357421875 0.185546875 0.6064453125 0.1796875 0.5498046875
0 0.1953125 0.4287109375 0.205078125 0.4462890625 0.212890625 0.5009765625 0.2236328125 0.51171875 0.232421875 0.5107421875 0.240234375 0.3564453125 0.23046875 0.3154296875 0.2138671875 0.3125 0.1953125 0.4287109375
0 0.1396484375 0.2265625 0.134765625 0.2353515625 0.13671875 0.2626953125 0.1533203125 0.28515625 0.166015625 0.2880859375 0.166015625 0.3193359375 0.181640625 0.3232421875 0.189453125 0.2802734375 0.185546875 0.2451171875 0.1630859375 0.224609375 0.1396484375 0.2265625
0 0.2841796875 0.486328125 0.26953125 0.5302734375 0.26953125 0.5615234375 0.287109375 0.5732421875 0.2919921875 0.58984375 0.302734375 0.5888671875 0.3125 0.5595703125 0.30859375 0.5029296875 0.2998046875 0.486328125 0.2841796875 0.486328125
0 0.2275390625 0.71875 0.2265625 0.7724609375 0.23828125 0.7744140625 0.248046875 0.7705078125 0.25 0.7353515625 0.2392578125 0.71875 0.2275390625 0.71875
0 0.326171875 0.7060546875 0.318359375 0.7333984375 0.318359375 0.7724609375 0.32421875 0.7744140625 0.333984375 0.7373046875 0.3310546875 0.6875 0.32421875 0.6904296875 0.326171875 0.7060546875
0 0.3671875 0.7119140625 0.380859375 0.7177734375 0.388671875 0.7099609375 0.388671875 0.6767578125 0.3701171875 0.671875 0.3671875 0.7119140625
0 0.3896484375 0.337890625 0.384765625 0.3427734375 0.38671875 0.4111328125 0.39453125 0.4189453125 0.400390625 0.4111328125 0.40234375 0.3759765625 0.396484375 0.3408203125 0.3896484375 0.337890625
0 0.2705078125 0.375 0.28125 0.3740234375 0.283203125 0.3193359375 0.2724609375 0.30859375 0.267578125 0.3662109375 0.2705078125 0.375
0 0.3974609375 0.650390625 0.408203125 0.6513671875 0.41015625 0.6123046875 0.3994140625 0.609375 0.39453125 0.6435546875 0.3974609375 0.650390625
0 0.4375 0.6162109375 0.443359375 0.6181640625 0.447265625 0.5830078125 0.4423828125 0.55859375 0.4375 0.5615234375 0.4375 0.6162109375
0 0.470703125 0.6708984375 0.474609375 0.6337890625 0.4658203125 0.6328125 0.46484375 0.6650390625 0.470703125 0.6708984375
0 0.55078125 0.6884765625 0.552734375 0.6455078125 0.5458984375 0.6328125 0.54296875 0.6865234375 0.55078125 0.6884765625
0 0.486328125 0.4697265625 0.486328125 0.5224609375 0.49609375 0.5244140625 0.501953125 0.5185546875 0.5009765625 0.44921875 0.48828125 0.4560546875 0.486328125 0.4697265625
0 0.55078125 0.5732421875 0.556640625 0.5732421875 0.55859375 0.5126953125 0.5517578125 0.51171875 0.548828125 0.5654296875 0.55078125 0.5732421875