0 0 0.2841796875 0.013671875 0.2841796875 0.0947265625 0.265625 0.1474609375 0.267578125 0.1728515625 0.259765625 0.1728515625 0.251953125 0.1845703125 0.25 0.232421875 0.2177734375 0.232421875 0.1923828125 0.2275390625 0.1875 0.2255859375 0.197265625 0.2099609375 0.203125 0.1904296875 0.201171875 0.1865234375 0.1875 0.1708984375 0.193359375 0.1416015625 0.19140625 0.1123046875 0.201171875 0.1005859375 0.1875 0.0927734375 0.1875 0.0869140625 0.19921875 0.0830078125 0.193359375 0.0654296875 0.201171875 0.0615234375 0.19140625 0.0244140625 0.19921875 0.017578125 0.2099609375 0.0263671875 0.208984375 0.044921875 0.2216796875 0.041015625 0.2353515625 0.0322265625 0.23828125 0.0283203125 0.21875 0.0234375 0.2314453125 0.02734375 0.2431640625 0 0.2529296875 0 0.2841796875
0 0.0859375 0.3310546875 0.0751953125 0.326171875 0.0419921875 0.328125 0.0322265625 0.31640625 0.033203125 0.3427734375 0.056640625 0.3466796875 0.0361328125 0.34765625 0.0009765625 0.365234375 0 0.3759765625 0.005859375 0.3759765625 0.0439453125 0.369140625 0.0634765625 0.345703125 0.0830078125 0.34375 0.0859375 0.3310546875
0 0.3095703125 0.39453125 0.3876953125 0.373046875 0.396484375 0.3583984375 0.388671875 0.3369140625 0.3779296875 0.328125 0.3623046875 0.326171875 0.2294921875 0.37109375 0.2265625 0.3740234375 0.234375 0.3779296875 0.234375 0.4208984375 0.2470703125 0.419921875 0.25 0.4384765625 0.2578125 0.4384765625 0.271484375 0.4326171875 0.26953125 0.4091796875 0.2763671875 0.392578125 0.3095703125 0.39453125
0 0.2001953125 0.515625 0.1865234375 0.515625 0.18359375 0.5087890625 0.224609375 0.4892578125 0.21875 0.4580078125 0.220703125 0.4501953125 0.2265625 0.4501953125 0.2265625 0.4404296875 0.2216796875 0.4375 0.2177734375 0.447265625 0.208984375 0.4248046875 0.216796875 0.3935546875 0.2138671875 0.40234375 0.2060546875 0.40234375 0.1962890625 0.3828125 0.0908203125 0.40625 0.0888671875 0.41015625 0.1015625 0.4130859375 0.091796875 0.4208984375 0.09375 0.4345703125 0.1005859375 0.43359375 0.1015625 0.4384765625 0.07421875 0.4541015625 0.068359375 0.4873046875 0.0712890625 0.501953125 0.1083984375 0.5078125 0.1123046875 0.51953125 0.1220703125 0.517578125 0.1396484375 0.53515625 0.16796875 0.5458984375 0.1748046875 0.5390625 0.1884765625 0.54296875 0.203125 0.5263671875 0.2001953125 0.515625
0 0.4833984375 0.359375 0.48046875 0.3544921875 0.4970703125 0.345703125 0.5029296875 0.35546875 0.5126953125 0.34765625 0.5263671875 0.349609375 0.5263671875 0.34375 0.5078125 0.3427734375 0.5244140625 0.33984375 0.525390625 0.3310546875 0.5048828125 0.32421875 0.4892578125 0.330078125 0.4775390625 0.322265625 0.4560546875 0.32421875 0.4501953125 0.306640625 0.4052734375 0.310546875 0.37109375 0.3232421875 0.3798828125 0.375 0.4267578125 0.375 0.4345703125 0.369140625 0.4443359375 0.375 0.4580078125 0.365234375 0.46875 0.3779296875 0.4697265625 0.373046875 0.4775390625 0.376953125 0.5146484375 0.36328125 0.4833984375 0.359375
0 0.4541015625 0.4296875 0.4931640625 0.4140625 0.49609375 0.4013671875 0.4501953125 0.396484375 0.4404296875 0.41015625 0.43359375 0.4072265625 0.4365234375 0.40234375 0.4169921875 0.41015625 0.3896484375 0.41015625 0.375 0.4189453125 0.3935546875 0.421875 0.3916015625 0.42578125 0.3232421875 0.43359375 0.3212890625 0.443359375 0.306640625 0.4482421875 0.3095703125 0.458984375 0.3515625 0.4599609375 0.3779296875 0.458984375 0.3994140625 0.447265625 0.4482421875 0.443359375 0.4541015625 0.4296875
0 0.365234375 0.5166015625 0.376953125 0.4794921875 0.3583984375 0.4765625 0.2529296875 0.505859375 0.24609375 0.5146484375 0.265625 0.5263671875 0.2607421875 0.533203125 0.2890625 0.5361328125 0.203125 0.5732421875 0.203125 0.5849609375 0.2177734375 0.6015625 0.248046875 0.6005859375 0.3134765625 0.576171875 0.3203125 0.5673828125 0.322265625 0.5419921875 0.365234375 0.5166015625
0 0.1064453125 0.67578125 0.033203125 0.6943359375 0.0390625 0.7255859375 0.048828125 0.7412109375 0.0849609375 0.72265625 0.103515625 0.7041015625 0.109375 0.6943359375 0.1064453125 0.67578125
0 0.28515625 0.7236328125 0.291015625 0.7099609375 0.28515625 0.6884765625 0.2802734375 0.68359375 0.2451171875 0.685546875 0.1806640625 0.701171875 0.083984375 0.7431640625 0.0859375 0.7529296875 0.1044921875 0.771484375 0.1220703125 0.77734375 0.16796875 0.7783203125 0.2001953125 0.775390625 0.2197265625 0.76171875 0.2529296875 0.751953125 0.28515625 0.7236328125
0 0.0966796875 0.783203125 0.05859375 0.7880859375 0.072265625 0.8564453125 0.0771484375 0.8671875 0.083984375 0.8662109375 0.1015625 0.8525390625 0.109375 0.8310546875 0.109375 0.8095703125 0.0966796875 0.783203125
0 0.2158203125 0.857421875 0.2041015625 0.8515625 0.1279296875 0.85546875 0.095703125 0.8681640625 0.087890625 0.9150390625 0.1103515625 1 0.30078125 0.9990234375 0.29296875 0.9794921875 0.2421875 0.9208984375 0.236328125 0.8837890625 0.2158203125 0.857421875
0 0.38671875 0.8369140625 0.3701171875 0.828125 0.3408203125 0.833984375 0.2802734375 0.865234375 0.271484375 0.8740234375 0.2734375 0.8955078125 0.298828125 0.9013671875 0.3330078125 0.896484375 0.3818359375 0.876953125 0.390625 0.8642578125 0.38671875 0.8369140625
0 0.478515625 0.7333984375 0.4833984375 0.728515625 0.486328125 0.7353515625 0.48828125 0.6943359375 0.4794921875 0.6875 0.4560546875 0.6875 0.3955078125 0.701171875 0.3544921875 0.71875 0.3359375 0.7392578125 0.3359375 0.7509765625 0.3583984375 0.765625 0.3984375 0.7666015625 0.4423828125 0.763671875 0.4755859375 0.75 0.48046875 0.7451171875 0.478515625 0.7333984375
0 0.3837890625 0.580078125 0.373046875 0.5947265625 0.3876953125 0.61328125 0.39453125 0.6123046875 0.4384765625 0.59765625 0.44140625 0.5830078125 0.4228515625 0.568359375 0.3837890625 0.580078125
0 0.5126953125 0.583984375 0.4580078125 0.599609375 0.447265625 0.6083984375 0.4521484375 0.619140625 0.474609375 0.6240234375 0.5419921875 0.609375 0.5625 0.5830078125 0.5439453125 0.578125 0.5126953125 0.583984375
0 0.6005859375 0.390625 0.5595703125 0.3984375 0.4912109375 0.41796875 0.466796875 0.4326171875 0.4716796875 0.44921875 0.505859375 0.4599609375 0.6142578125 0.431640625 0.625 0.4189453125 0.623046875 0.3994140625 0.6005859375 0.390625
0 0.71875 0.4677734375 0.7119140625 0.4609375 0.6982421875 0.4609375 0.6220703125 0.474609375 0.55078125 0.5009765625 0.5537109375 0.51171875 0.5712890625 0.51953125 0.634765625 0.5205078125 0.6728515625 0.51171875 0.7041015625 0.494140625 0.71875 0.4794921875 0.71875 0.4677734375
0 0.7197265625 0.396484375 0.6884765625 0.404296875 0.65625 0.4208984375 0.6650390625 0.4296875 0.71875 0.4306640625 0.7529296875 0.423828125 0.76171875 0.3974609375 0.7548828125 0.392578125 0.7197265625 0.396484375
0 0.8115234375 0.5 0.7900390625 0.505859375 0.7890625 0.4912109375 0.8115234375 0.48828125 0.8134765625 0.5 0.828125 0.4716796875 0.8017578125 0.47265625 0.7958984375 0.48046875 0.740234375 0.5048828125 0.7431640625 0.515625 0.775390625 0.5166015625 0.7744140625 0.509765625 0.7861328125 0.513671875 0.8076171875 0.505859375 0.8115234375 0.5
0 0.8583984375 0.3984375 0.802734375 0.4150390625 0.8056640625 0.42578125 0.84375 0.4267578125 0.8759765625 0.41796875 0.884765625 0.4091796875 0.8828125 0.3974609375 0.8583984375 0.3984375
0 0.9365234375 0.244140625 0.921875 0.2646484375 0.916015625 0.2939453125 0.9208984375 0.310546875 0.9482421875 0.30859375 0.951171875 0.3232421875 0.9072265625 0.33984375 0.888671875 0.3544921875 0.888671875 0.3642578125 0.9013671875 0.380859375 0.923828125 0.3818359375 0.9775390625 0.375 0.98046875 0.3701171875 0.9462890625 0.2421875 0.9365234375 0.244140625
0 0.9248046875 0.421875 0.9111328125 0.4140625 0.8955078125 0.41796875 0.8759765625 0.443359375 0.86328125 0.4482421875 0.869140625 0.4619140625 0.9052734375 0.455078125 0.9150390625 0.439453125 0.943359375 0.4228515625 0.9248046875 0.421875
0 0.947265625 0.4775390625 0.947265625 0.4931640625 0.9296875 0.5224609375 0.931640625 0.5380859375 0.947265625 0.5537109375 0.9453125 0.5615234375 0.9580078125 0.572265625 0.98046875 0.5732421875 1 0.5673828125 0.9990234375 0.453125 0.9404296875 0.470703125 0.947265625 0.4775390625
0 0.7041015625 0.52734375 0.6552734375 0.53515625 0.611328125 0.5576171875 0.611328125 0.5673828125 0.6181640625 0.572265625 0.673828125 0.5810546875 0.7021484375 0.5703125 0.724609375 0.5478515625 0.728515625 0.5302734375 0.7041015625 0.52734375
0 0.6318359375 0.615234375 0.5927734375 0.625 0.580078125 0.6396484375 0.5888671875 0.6484375 0.6171875 0.6474609375 0.6474609375 0.640625 0.6630859375 0.630859375 0.6640625 0.6240234375 0.6318359375 0.615234375
0 0.5791015625 0.7109375 0.5576171875 0.720703125 0.541015625 0.7392578125 0.541015625 0.7529296875 0.5576171875 0.76171875 0.57421875 0.7607421875 0.6357421875 0.7421875 0.66015625 0.7255859375 0.66015625 0.7158203125 0.5791015625 0.7109375
0 0.6943359375 0.6484375 0.67578125 0.6591796875 0.673828125 0.6767578125 0.685546875 0.6787109375 0.7099609375 0.673828125 0.716796875 0.6669921875 0.7119140625 0.650390625 0.6943359375 0.6484375
0 0.7451171875 0.61328125 0.7177734375 0.62109375 0.708984375 0.6298828125 0.7138671875 0.642578125 0.755859375 0.6435546875 0.7822265625 0.634765625 0.798828125 0.6162109375 0.798828125 0.6083984375 0.7451171875 0.61328125
0 0.4658203125 0.9453125 0.4306640625 0.95703125 0.419921875 0.9716796875 0.4208984375 1 0.5234375 0.9990234375 0.537109375 0.9736328125 0.537109375 0.9560546875 0.5283203125 0.94921875 0.4658203125 0.9453125
0 0.5869140625 0.96875 0.580078125 0.9716796875 0.5791015625 0.984375 0.5390625 0.9951171875 0.5400390625 1 0.560546875 0.9990234375 0.6376953125 0.98046875 0.642578125 0.9736328125 0.6357421875 0.96875 0.5869140625 0.96875
0 0.677734375 0.9287109375 0.681640625 0.9189453125 0.6748046875 0.90625 0.6591796875 0.904296875 0.6455078125 0.919921875 0.6337890625 0.9140625 0.6083984375 0.919921875 0.576171875 0.9404296875 0.5888671875 0.955078125 0.62890625 0.9619140625 0.6357421875 0.955078125 0.6435546875 0.95703125 0.6474609375 0.947265625 0.677734375 0.9287109375
0 0.7880859375 0.81640625 0.716796875 0.8369140625 0.7333984375 0.861328125 0.759765625 0.8603515625 0.7998046875 0.84765625 0.80859375 0.8369140625 0.806640625 0.8232421875 0.7880859375 0.81640625
0 0.6943359375 0.830078125 0.6630859375 0.826171875 0.626953125 0.8408203125 0.62890625 0.8720703125 0.65234375 0.8779296875 0.6787109375 0.869140625 0.6953125 0.8544921875 0.69921875 0.8408203125 0.6943359375 0.830078125
0 0.8896484375 0.54296875 0.8369140625 0.548828125 0.8115234375 0.5546875 0.791015625 0.5693359375 0.8017578125 0.5859375 0.861328125 0.5869140625 0.9013671875 0.572265625 0.91015625 0.5634765625 0.91015625 0.5517578125 0.8896484375 0.54296875
0 0.9208984375 0.611328125 0.8388671875 0.626953125 0.830078125 0.6318359375 0.826171875 0.6455078125 0.8427734375 0.662109375 0.849609375 0.6611328125 0.9345703125 0.642578125 0.94921875 0.6318359375 0.947265625 0.6240234375 0.9208984375 0.611328125