0 0.5625 0.2451171875 0.5634765625 0.240234375 0.5 0.2412109375 0.5009765625 0.24609375 0.5625 0.2451171875
0 0.4775390625 0.333984375 0.51171875 0.3330078125 0.529296875 0.3251953125 0.5029296875 0.3203125 0.474609375 0.3232421875 0.4775390625 0.333984375
0 1 0.9658203125 0.9921875 0.9677734375 0.994140625 0.9599609375 1 0.9599609375 0.9990234375 0.328125 0.9736328125 0.326171875 0.9677734375 0.314453125 0.9287109375 0.298828125 0.9072265625 0.296875 0.8662109375 0.28125 0.8310546875 0.279296875 0.8173828125 0.267578125 0.7353515625 0.244140625 0.7216796875 0.234375 0.6611328125 0.216796875 0.6455078125 0.205078125 0.5673828125 0.201171875 0.5703125 0.1962890625 0.5615234375 0.189453125 0.5361328125 0.1875 0.5283203125 0.1796875 0.4873046875 0.169921875 0.4677734375 0.158203125 0.4248046875 0.150390625 0.2490234375 0.083984375 0.2216796875 0.095703125 0.1845703125 0.13671875 0.1337890625 0.158203125 0.1064453125 0.185546875 0.0712890625 0.205078125 0.0458984375 0.232421875 0.001953125 0.2529296875 0.0009765625 1 0.1123046875 1 0.1201171875 0.98828125 0.126953125 0.9892578125 0.123046875 0.9951171875 0.1298828125 1 0.146484375 0.9853515625 0.140625 0.9833984375 0.1484375 0.9794921875 0.140625 0.9755859375 0.1435546875 0.97265625 0.1640625 0.9697265625 0.166015625 0.9619140625 0.1572265625 0.95703125 0.1923828125 0.951171875 0.197265625 0.9462890625 0.1875 0.9423828125 0.2041015625 0.94140625 0.208984375 0.9384765625 0.203125 0.9345703125 0.2119140625 0.931640625 0.2314453125 0.943359375 0.3017578125 0.939453125 0.3046875 0.9443359375 0.29296875 0.9482421875 0.3125 0.9580078125 0.3125 0.9794921875 0.3232421875 0.98046875 0.3212890625 0.98828125 0.3330078125 0.984375 0.3369140625 1 0.9599609375 1 0.966796875 0.9912109375 0.9609375 0.9619140625 0.9716796875 0.95703125 0.96875 0.9697265625 0.9755859375 0.974609375 0.98046875 0.9697265625 0.974609375 0.9619140625 0.9833984375 0.955078125 0.98828125 0.9580078125 0.984375 0.9853515625 0.9921875 0.9990234375 1 0.9912109375 1 0.9814453125 0.9921875 0.9833984375 0.9921875 0.9755859375 1 0.9755859375 1 0.9658203125
0 0.80859375 0.7138671875 0.7958984375 0.69921875 0.6767578125 0.69921875 0.646484375 0.7138671875 0.650390625 0.7294921875 0.7001953125 0.787109375 0.771484375 0.7900390625 0.7958984375 0.78515625 0.806640625 0.7587890625 0.8125 0.7314453125 0.80859375 0.7138671875
0 0.5517578125 0.5625 0.5107421875 0.5625 0.4833984375 0.578125 0.451171875 0.5869140625 0.4580078125 0.599609375 0.4736328125 0.60546875 0.544921875 0.6123046875 0.5615234375 0.611328125 0.572265625 0.5966796875 0.572265625 0.5771484375 0.5517578125 0.5625
0 0.7158203125 0.4765625 0.701171875 0.4892578125 0.705078125 0.5029296875 0.7216796875 0.509765625 0.7509765625 0.49609375 0.76171875 0.4990234375 0.7587890625 0.509765625 0.787109375 0.5087890625 0.798828125 0.5068359375 0.80078125 0.4833984375 0.7802734375 0.470703125 0.7158203125 0.4765625
0 0.9091796875 0.56640625 0.865234375 0.5654296875 0.8779296875 0.61328125 0.9228515625 0.626953125 0.951171875 0.6259765625 0.9609375 0.6162109375 0.9609375 0.6025390625 0.9423828125 0.580078125 0.9091796875 0.56640625
0 0.3916015625 0.458984375 0.3623046875 0.45703125 0.3291015625 0.470703125 0.3076171875 0.47265625 0.287109375 0.4951171875 0.291015625 0.5263671875 0.28125 0.5361328125 0.287109375 0.5927734375 0.3173828125 0.60546875 0.365234375 0.6044921875 0.390625 0.5673828125 0.38671875 0.4873046875 0.396484375 0.4716796875 0.3916015625 0.458984375
0 0.3525390625 0.458984375 0.3310546875 0.470703125 0.3037109375 0.474609375 0.287109375 0.4951171875 0.287109375 0.5068359375 0.2900390625 0.513671875 0.306640625 0.5126953125 0.3603515625 0.49609375 0.392578125 0.4755859375 0.392578125 0.4619140625 0.3525390625 0.458984375
0 0.5400390625 0.4765625 0.4853515625 0.470703125 0.40625 0.4794921875 0.416015625 0.4853515625 0.404296875 0.4970703125 0.4033203125 0.51953125 0.51953125 0.5205078125 0.5517578125 0.517578125 0.556640625 0.5107421875 0.556640625 0.4970703125 0.5400390625 0.4765625
0 0.130859375 0.6005859375 0.1328125 0.6162109375 0.1552734375 0.6484375 0.19140625 0.6552734375 0.220703125 0.6298828125 0.2236328125 0.591796875 0.1728515625 0.5859375 0.130859375 0.6005859375
0 0.1572265625 0.515625 0.1484375 0.5302734375 0.146484375 0.5556640625 0.1669921875 0.564453125 0.1875 0.5634765625 0.2412109375 0.546875 0.251953125 0.5205078125 0.2314453125 0.50390625 0.1572265625 0.515625
0 0 0.4033203125 0.0078125 0.4033203125 0.0693359375 0.3828125 0.08984375 0.3681640625 0.091796875 0.3369140625 0.0810546875 0.306640625 0.0400390625 0.306640625 0 0.3173828125 0 0.4033203125
0 0.1787109375 0.328125 0.1611328125 0.33984375 0.154296875 0.3603515625 0.1591796875 0.365234375 0.1796875 0.3642578125 0.2177734375 0.353515625 0.224609375 0.3408203125 0.22265625 0.3232421875 0.1787109375 0.328125
0 0.3193359375 0.328125 0.30078125 0.3369140625 0.30078125 0.3486328125 0.3076171875 0.3515625 0.34375 0.3505859375 0.3779296875 0.349609375 0.400390625 0.3408203125 0.3740234375 0.328125 0.3193359375 0.328125
0 0.4990234375 0.6796875 0.4521484375 0.681640625 0.4423828125 0.673828125 0.4287109375 0.673828125 0.41796875 0.7001953125 0.421875 0.7216796875 0.4521484375 0.751953125 0.4833984375 0.765625 0.498046875 0.7646484375 0.537109375 0.7353515625 0.537109375 0.7138671875 0.52734375 0.6943359375 0.4990234375 0.6796875
0 0.5537109375 0.8046875 0.4990234375 0.810546875 0.4677734375 0.79296875 0.4501953125 0.79296875 0.392578125 0.8271484375 0.4033203125 0.84375 0.4501953125 0.87109375 0.5546875 0.8720703125 0.5771484375 0.87109375 0.580078125 0.8486328125 0.564453125 0.8115234375 0.5537109375 0.8046875
0 0.2626953125 0.845703125 0.251953125 0.8525390625 0.2412109375 0.884765625 0.1708984375 0.912109375 0.12890625 0.9580078125 0.11328125 0.9951171875 0.1142578125 1 0.34375 0.9990234375 0.32421875 0.9541015625 0.322265625 0.9267578125 0.310546875 0.8916015625 0.2626953125 0.845703125
0 0.41796875 0.9306640625 0.419921875 0.8974609375 0.4150390625 0.890625 0.4013671875 0.890625 0.37890625 0.9189453125 0.388671875 0.9736328125 0.376953125 0.9990234375 0.453125 0.9990234375 0.40234375 0.9599609375 0.40234375 0.9423828125 0.4111328125 0.943359375 0.41796875 0.9306640625
0 0.5986328125 0.44921875 0.634765625 0.4482421875 0.6328125 0.4326171875 0.6259765625 0.427734375 0.576171875 0.4326171875 0.5986328125 0.44921875