0 0.52734375 0.0966796875 0.525390625 0.0732421875 0.48046875 0.0205078125 0.4765625 0.0009765625 0.2626953125 0.00390625 0.248046875 0.0283203125 0.24609375 0.0478515625 0.271484375 0.0986328125 0.3623046875 0.150390625 0.376953125 0.1494140625 0.3974609375 0.142578125 0.4462890625 0.103515625 0.5126953125 0.10546875 0.52734375 0.0966796875
0 0.259765625 0.0888671875 0.2392578125 0.080078125 0.1806640625 0.08203125 0.171875 0.0908203125 0.171875 0.1005859375 0.189453125 0.1396484375 0.2177734375 0.162109375 0.244140625 0.1650390625 0.2666015625 0.16015625 0.275390625 0.1455078125 0.275390625 0.1220703125 0.259765625 0.0888671875
0 0.294921875 0.2509765625 0.2626953125 0.228515625 0.2255859375 0.21484375 0.2080078125 0.216796875 0.1875 0.2490234375 0.1875 0.2607421875 0.203125 0.2880859375 0.2255859375 0.30859375 0.2646484375 0.30859375 0.28515625 0.3154296875 0.3037109375 0.310546875 0.31640625 0.2939453125 0.31640625 0.2841796875 0.294921875 0.2509765625
0 0.3212890625 0.201171875 0.2890625 0.2177734375 0.29296875 0.2353515625 0.3193359375 0.2578125 0.3486328125 0.271484375 0.375 0.2705078125 0.384765625 0.2607421875 0.361328125 0.2197265625 0.3447265625 0.20703125 0.3212890625 0.201171875
0 0.607421875 0.2177734375 0.578125 0.1982421875 0.578125 0.1689453125 0.583984375 0.1552734375 0.5732421875 0.140625 0.5361328125 0.1484375 0.5029296875 0.16796875 0.4873046875 0.1640625 0.474609375 0.1708984375 0.466796875 0.1826171875 0.466796875 0.2119140625 0.4814453125 0.234375 0.4912109375 0.240234375 0.5263671875 0.240234375 0.529296875 0.2587890625 0.5380859375 0.263671875 0.578125 0.2626953125 0.59375 0.2548828125 0.59765625 0.2314453125 0.60546875 0.2275390625 0.607421875 0.2177734375
0 0.517578125 0.0224609375 0.5263671875 0.03125 0.5615234375 0.048828125 0.583984375 0.0478515625 0.58984375 0.0263671875 0.5791015625 0 0.515625 0.0009765625 0.517578125 0.0224609375
0 0.6298828125 0 0.626953125 0.0244140625 0.638671875 0.0576171875 0.630859375 0.0751953125 0.609375 0.0947265625 0.607421875 0.1455078125 0.6484375 0.2470703125 0.6884765625 0.283203125 0.712890625 0.2861328125 0.73046875 0.2744140625 0.71484375 0.2490234375 0.712890625 0.2197265625 0.751953125 0.1650390625 0.748046875 0.1083984375 0.73046875 0.0888671875 0.724609375 0.0693359375 0.724609375 0.0537109375 0.73828125 0.0361328125 0.740234375 0.0107421875 0.74609375 0.0048828125 0.7373046875 0 0.6298828125 0
0 0.8828125 0.2587890625 0.884765625 0.2333984375 0.8642578125 0.232421875 0.845703125 0.2197265625 0.828125 0.1748046875 0.828125 0.1298828125 0.837890625 0.1064453125 0.8359375 0.0791015625 0.7939453125 0.078125 0.7626953125 0.0859375 0.7578125 0.1142578125 0.763671875 0.2001953125 0.783203125 0.2177734375 0.80859375 0.2587890625 0.8359375 0.2802734375 0.837890625 0.2978515625 0.8525390625 0.30859375 0.86328125 0.3076171875 0.8935546875 0.298828125 0.896484375 0.2900390625 0.892578125 0.2666015625 0.8828125 0.2587890625
0 0.5869140625 0.30859375 0.5634765625 0.3203125 0.548828125 0.3408203125 0.546875 0.3623046875 0.5615234375 0.37109375 0.5712890625 0.38671875 0.6162109375 0.408203125 0.6328125 0.4072265625 0.662109375 0.3857421875 0.662109375 0.3251953125 0.6376953125 0.30078125 0.5869140625 0.30859375
0 0.478515625 0.3193359375 0.4462890625 0.2890625 0.3994140625 0.296875 0.345703125 0.3505859375 0.345703125 0.3701171875 0.3583984375 0.384765625 0.416015625 0.4130859375 0.443359375 0.3916015625 0.451171875 0.3681640625 0.48046875 0.3349609375 0.478515625 0.3193359375
0 0.552734375 0.3857421875 0.552734375 0.3759765625 0.5400390625 0.3671875 0.4951171875 0.369140625 0.486328125 0.3837890625 0.484375 0.4267578125 0.50390625 0.4423828125 0.5107421875 0.458984375 0.51953125 0.4580078125 0.5439453125 0.44140625 0.564453125 0.4169921875 0.564453125 0.4013671875 0.552734375 0.3857421875
0 0.3876953125 0.427734375 0.37890625 0.4345703125 0.376953125 0.4521484375 0.3916015625 0.47265625 0.4033203125 0.48046875 0.443359375 0.4814453125 0.46875 0.4677734375 0.4541015625 0.439453125 0.4052734375 0.427734375 0.3876953125 0.427734375
0 0.2939453125 0.42578125 0.2763671875 0.431640625 0.2646484375 0.44921875 0.2490234375 0.4375 0.2158203125 0.443359375 0.197265625 0.4638671875 0.2041015625 0.494140625 0.21484375 0.4912109375 0.2275390625 0.466796875 0.2412109375 0.466796875 0.2705078125 0.46875 0.2919921875 0.4921875 0.310546875 0.4951171875 0.318359375 0.4873046875 0.318359375 0.4462890625 0.3076171875 0.431640625 0.2939453125 0.42578125
0 0.2900390625 0.42578125 0.2734375 0.4365234375 0.2734375 0.4716796875 0.2998046875 0.49609375 0.310546875 0.4951171875 0.318359375 0.4853515625 0.31640625 0.4423828125 0.3076171875 0.431640625 0.2900390625 0.42578125
0 0.0595703125 0.44921875 0.03125 0.4638671875 0.02734375 0.4951171875 0.0439453125 0.515625 0.103515625 0.5205078125 0.109375 0.5146484375 0.109375 0.4951171875 0.0888671875 0.466796875 0.0595703125 0.44921875
0 0.2119140625 0.50390625 0.1572265625 0.50390625 0.107421875 0.5361328125 0.08984375 0.5771484375 0.087890625 0.5966796875 0.09375 0.6142578125 0.1220703125 0.640625 0.1611328125 0.662109375 0.1953125 0.6669921875 0.21484375 0.6572265625 0.2265625 0.5791015625 0.2265625 0.5166015625 0.2119140625 0.50390625
0 0.0517578125 0.646484375 0.001953125 0.6474609375 0.001953125 0.7666015625 0.0078125 0.7685546875 0.0576171875 0.75 0.068359375 0.7314453125 0.07421875 0.6689453125 0.0517578125 0.646484375
0 0.212890625 0.7080078125 0.2001953125 0.6953125 0.1669921875 0.70703125 0.1455078125 0.732421875 0.0810546875 0.763671875 0.07421875 0.7744140625 0.076171875 0.7958984375 0.1025390625 0.818359375 0.1875 0.8544921875 0.197265625 0.8408203125 0.193359375 0.7900390625 0.21875 0.7353515625 0.212890625 0.7080078125
0 0.3583984375 0.728515625 0.3056640625 0.7109375 0.275390625 0.7138671875 0.27734375 0.7412109375 0.3017578125 0.775390625 0.3212890625 0.783203125 0.369140625 0.7861328125 0.3828125 0.7744140625 0.3828125 0.7646484375 0.37109375 0.7392578125 0.3583984375 0.728515625
0 0.2646484375 0.64453125 0.240234375 0.6630859375 0.2490234375 0.673828125 0.28125 0.6806640625 0.291015625 0.6728515625 0.291015625 0.6591796875 0.2802734375 0.64453125 0.2646484375 0.64453125
0 0.5341796875 0.5078125 0.4892578125 0.501953125 0.474609375 0.5126953125 0.458984375 0.5400390625 0.44921875 0.6552734375 0.451171875 0.6669921875 0.47265625 0.6884765625 0.47265625 0.6982421875 0.4912109375 0.712890625 0.50390625 0.7119140625 0.53515625 0.6748046875 0.556640625 0.6240234375 0.560546875 0.5341796875 0.5341796875 0.5078125
0 0.6142578125 0.4296875 0.591796875 0.4423828125 0.587890625 0.4814453125 0.6181640625 0.521484375 0.63671875 0.5244140625 0.642578125 0.4951171875 0.630859375 0.4775390625 0.6328125 0.4384765625 0.6142578125 0.4296875
0 0.8310546875 0.37109375 0.7998046875 0.3671875 0.7880859375 0.33984375 0.7568359375 0.333984375 0.748046875 0.3466796875 0.748046875 0.3623046875 0.767578125 0.4130859375 0.7841796875 0.421875 0.8037109375 0.416015625 0.8154296875 0.42578125 0.8359375 0.4267578125 0.849609375 0.4189453125 0.849609375 0.3935546875 0.84375 0.3837890625 0.8310546875 0.37109375
0 0.7470703125 0.625 0.7109375 0.6220703125 0.72265625 0.6005859375 0.728515625 0.5439453125 0.7236328125 0.537109375 0.7001953125 0.537109375 0.6787109375 0.525390625 0.6552734375 0.52734375 0.638671875 0.5498046875 0.62109375 0.5947265625 0.62109375 0.6337890625 0.630859375 0.6533203125 0.6611328125 0.669921875 0.6845703125 0.703125 0.6962890625 0.708984375 0.7265625 0.7080078125 0.75390625 0.6708984375 0.755859375 0.6591796875 0.75390625 0.6357421875 0.7470703125 0.625
0 0.576171875 0.7705078125 0.5498046875 0.76171875 0.5009765625 0.779296875 0.49609375 0.7451171875 0.4892578125 0.73828125 0.4775390625 0.73828125 0.4345703125 0.765625 0.3984375 0.8037109375 0.4130859375 0.8203125 0.4970703125 0.841796875 0.5341796875 0.861328125 0.5390625 0.9228515625 0.546875 0.9267578125 0.5546875 0.9169921875 0.560546875 0.8486328125 0.576171875 0.8056640625 0.576171875 0.7705078125
0 0.8037109375 0.63671875 0.763671875 0.6767578125 0.763671875 0.7060546875 0.7685546875 0.7109375 0.849609375 0.7119140625 0.85546875 0.7060546875 0.85546875 0.6552734375 0.8310546875 0.634765625 0.8037109375 0.63671875
0 0.6572265625 0.859375 0.6923828125 0.849609375 0.724609375 0.8251953125 0.7216796875 0.8125 0.6943359375 0.81640625 0.6875 0.8076171875 0.6953125 0.8017578125 0.6826171875 0.79296875 0.6513671875 0.7890625 0.64453125 0.7939453125 0.630859375 0.8310546875 0.625 0.8876953125 0.57421875 0.9794921875 0.556640625 0.9990234375 0.619140625 0.9990234375 0.650390625 0.9130859375 0.642578125 0.8974609375 0.646484375 0.8701171875 0.6572265625 0.859375
0 0.8818359375 0.71484375 0.8984375 0.7158203125 0.8984375 0.6787109375 0.8896484375 0.67578125 0.873046875 0.7041015625 0.8818359375 0.71484375
0 0.9130859375 0.63671875 0.91796875 0.6064453125 0.8681640625 0.599609375 0.85546875 0.6298828125 0.85546875 0.6455078125 0.861328125 0.6455078125 0.8701171875 0.630859375 0.8837890625 0.630859375 0.8955078125 0.638671875 0.9130859375 0.63671875
0 0.849609375 0.8603515625 0.857421875 0.8466796875 0.8466796875 0.841796875 0.8427734375 0.859375 0.8359375 0.8583984375 0.8388671875 0.84765625 0.8291015625 0.84765625 0.8271484375 0.861328125 0.8154296875 0.8515625 0.8037109375 0.8671875 0.7900390625 0.86328125 0.7783203125 0.87109375 0.7392578125 0.873046875 0.71875 0.9111328125 0.7216796875 0.921875 0.7490234375 0.91015625 0.8154296875 0.919921875 0.8271484375 0.90625 0.828125 0.9208984375 0.822265625 0.9228515625 0.84765625 0.9267578125 0.859375 0.9033203125 0.8515625 0.8798828125 0.861328125 0.8681640625 0.849609375 0.8603515625
0 1 0.0849609375 0.9931640625 0.083984375 0.9892578125 0.091796875 0.9482421875 0.080078125 0.939453125 0.0927734375 0.939453125 0.1083984375 0.953125 0.1337890625 0.953125 0.1552734375 0.9384765625 0.162109375 0.9072265625 0.15234375 0.8837890625 0.166015625 0.8828125 0.2080078125 0.8935546875 0.22265625 0.904296875 0.2197265625 0.9091796875 0.236328125 0.9248046875 0.234375 0.9326171875 0.2265625 0.9365234375 0.234375 0.9580078125 0.240234375 0.96484375 0.2666015625 0.958984375 0.2900390625 0.990234375 0.2958984375 1 0.2900390625 0.9921875 0.2919921875 0.990234375 0.2705078125 0.982421875 0.2705078125 0.978515625 0.2509765625 1 0.2490234375 1 0.0849609375
0 0.9619140625 0.607421875 0.939453125 0.6162109375 0.9658203125 0.650390625 0.978515625 0.6513671875 0.984375 0.6435546875 0.984375 0.6201171875 0.9775390625 0.611328125 0.9619140625 0.607421875
0 0.7939453125 0.806640625 0.7998046875 0.814453125 0.8125 0.8134765625 0.8154296875 0.830078125 0.828125 0.8291015625 0.8251953125 0.83984375 0.814453125 0.8388671875 0.8125 0.8447265625 0.818359375 0.8466796875 0.8359375 0.8388671875 0.84765625 0.8115234375 0.8330078125 0.8046875 0.7939453125 0.806640625
0 0.96484375 0.8056640625 0.9599609375 0.80078125 0.9052734375 0.8046875 0.9072265625 0.814453125 0.919921875 0.8154296875 0.912109375 0.8603515625 0.9267578125 0.869140625 0.9375 0.8681640625 0.94921875 0.8310546875 0.9560546875 0.8359375 0.96484375 0.8330078125 0.96484375 0.8056640625
0 0.9912109375 0.92578125 0.9853515625 0.9140625 0.9755859375 0.923828125 0.9228515625 0.931640625 0.9150390625 0.943359375 0.9013671875 0.943359375 0.8974609375 0.9375 0.8876953125 0.947265625 0.8662109375 0.939453125 0.85546875 0.9423828125 0.8583984375 1 0.919921875 0.9990234375 0.9521484375 0.94921875 0.9990234375 0.93359375 1 0.9228515625 0.9912109375 0.92578125