0 0.9287109375 0.658203125 0.919921875 0.6552734375 0.92578125 0.6474609375 0.92578125 0.5810546875 0.9423828125 0.548828125 0.953125 0.5498046875 0.955078125 0.5712890625 0.9609375 0.5693359375 0.94921875 0.5244140625 0.9208984375 0.5 0.9033203125 0.5078125 0.890625 0.5224609375 0.87890625 0.5517578125 0.884765625 0.5615234375 0.880859375 0.6025390625 0.857421875 0.6220703125 0.853515625 0.6337890625 0.875 0.7041015625 0.8818359375 0.712890625 0.90234375 0.7177734375 0.9140625 0.7080078125 0.943359375 0.6591796875 0.9345703125 0.650390625 0.9287109375 0.658203125
0 0.759765625 0.5537109375 0.724609375 0.7001953125 0.7265625 0.7353515625 0.7333984375 0.7421875 0.744140625 0.7412109375 0.7890625 0.6357421875 0.791015625 0.5966796875 0.7724609375 0.5390625 0.759765625 0.5537109375
0 0.80078125 0.7841796875 0.791015625 0.7724609375 0.7861328125 0.73828125 0.7763671875 0.73828125 0.767578125 0.7470703125 0.755859375 0.7841796875 0.755859375 0.8134765625 0.76953125 0.8271484375 0.7734375 0.8408203125 0.7734375 0.8564453125 0.7685546875 0.84375 0.763671875 0.8642578125 0.77734375 0.8681640625 0.77734375 0.8427734375 0.7998046875 0.83984375 0.80859375 0.8173828125 0.80078125 0.7841796875
0 0.6435546875 0.78515625 0.6318359375 0.771484375 0.623046875 0.7958984375 0.623046875 0.8212890625 0.654296875 0.8330078125 0.662109375 0.8271484375 0.6640625 0.7744140625 0.6533203125 0.7734375 0.6435546875 0.78515625
0 0.580078125 0.6064453125 0.5703125 0.6376953125 0.5703125 0.6787109375 0.580078125 0.6806640625 0.587890625 0.6708984375 0.595703125 0.6240234375 0.5927734375 0.595703125 0.580078125 0.6064453125
0 0.7265625 0.4755859375 0.724609375 0.4541015625 0.7197265625 0.451171875 0.712890625 0.4521484375 0.693359375 0.4951171875 0.693359375 0.5439453125 0.7001953125 0.556640625 0.7109375 0.5556640625 0.734375 0.5166015625 0.740234375 0.4931640625 0.740234375 0.4833984375 0.7265625 0.4755859375
0 0.88671875 0.4482421875 0.90234375 0.3837890625 0.900390625 0.3486328125 0.8955078125 0.34375 0.884765625 0.3486328125 0.87109375 0.4072265625 0.845703125 0.4345703125 0.828125 0.4736328125 0.828125 0.5517578125 0.83984375 0.5595703125 0.857421875 0.5458984375 0.873046875 0.5087890625 0.869140625 0.4912109375 0.88671875 0.4482421875
0 0.5068359375 0.478515625 0.501953125 0.4892578125 0.490234375 0.5419921875 0.490234375 0.5498046875 0.498046875 0.5498046875 0.509765625 0.5302734375 0.51953125 0.4873046875 0.5166015625 0.4765625 0.5068359375 0.478515625
0 0.568359375 0.4130859375 0.568359375 0.4521484375 0.57421875 0.4541015625 0.587890625 0.4130859375 0.5849609375 0.39453125 0.57421875 0.3955078125 0.568359375 0.4130859375
0 0.6484375 0.3427734375 0.6484375 0.3525390625 0.65625 0.3603515625 0.65234375 0.3857421875 0.66015625 0.3896484375 0.67578125 0.3291015625 0.6689453125 0.310546875 0.65625 0.3173828125 0.6484375 0.3427734375
0 0.708984375 0.3154296875 0.705078125 0.3505859375 0.7109375 0.3525390625 0.73046875 0.3056640625 0.7353515625 0.267578125 0.728515625 0.2705078125 0.708984375 0.3154296875
0 0.796875 0.3154296875 0.80078125 0.3388671875 0.814453125 0.3408203125 0.826171875 0.2939453125 0.8232421875 0.287109375 0.8046875 0.2900390625 0.796875 0.3154296875
0 0.46875 0.7529296875 0.46875 0.7822265625 0.482421875 0.7841796875 0.494140625 0.7392578125 0.4912109375 0.73046875 0.4755859375 0.732421875 0.46875 0.7529296875
0 0.48046875 0.3583984375 0.486328125 0.3603515625 0.4970703125 0.3046875 0.490234375 0.3076171875 0.482421875 0.3349609375 0.48046875 0.3583984375