0 0.5615234375 0.88671875 0.5341796875 0.880859375 0.5205078125 0.89453125 0.5087890625 0.896484375 0.4697265625 0.89453125 0.4482421875 0.876953125 0.4384765625 0.876953125 0.3837890625 0.904296875 0.369140625 0.9208984375 0.3701171875 0.943359375 0.4169921875 0.966796875 0.4462890625 0.97265625 0.51171875 0.9716796875 0.5556640625 0.95703125 0.5703125 0.9423828125 0.583984375 0.9033203125 0.5615234375 0.88671875
0 0.6591796875 0.833984375 0.6103515625 0.814453125 0.5498046875 0.8203125 0.513671875 0.8388671875 0.5205078125 0.8515625 0.5361328125 0.859375 0.5634765625 0.86328125 0.5888671875 0.859375 0.6240234375 0.865234375 0.70703125 0.8642578125 0.71484375 0.8564453125 0.7119140625 0.84765625 0.6708984375 0.845703125 0.6591796875 0.833984375
0 0.5087890625 0.76171875 0.3798828125 0.759765625 0.3291015625 0.76171875 0.3125 0.7744140625 0.3125 0.7861328125 0.3193359375 0.791015625 0.3720703125 0.794921875 0.4052734375 0.80859375 0.4375 0.8076171875 0.4794921875 0.794921875 0.4990234375 0.794921875 0.517578125 0.7724609375 0.5087890625 0.76171875
0 0.244140625 0.8193359375 0.2470703125 0.826171875 0.30859375 0.8349609375 0.32421875 0.8291015625 0.3212890625 0.81640625 0.2724609375 0.8125 0.244140625 0.8193359375
0 0.5634765625 0.6875 0.5361328125 0.685546875 0.486328125 0.7021484375 0.486328125 0.7138671875 0.4990234375 0.72265625 0.546875 0.7314453125 0.5693359375 0.7265625 0.58984375 0.7080078125 0.58984375 0.6982421875 0.5634765625 0.6875
0 0.71875 0.7626953125 0.7216796875 0.775390625 0.771484375 0.7744140625 0.775390625 0.7626953125 0.7705078125 0.75390625 0.7333984375 0.751953125 0.71875 0.7626953125
0 0.6884765625 0.67578125 0.7314453125 0.68359375 0.7734375 0.6826171875 0.7744140625 0.67578125 0.7451171875 0.66796875 0.6875 0.6708984375 0.6884765625 0.67578125
0 0.6748046875 0.6328125 0.712890625 0.6337890625 0.71875 0.6259765625 0.7158203125 0.61328125 0.673828125 0.6142578125 0.6748046875 0.6328125
0 0.55859375 0.5576171875 0.5615234375 0.564453125 0.6015625 0.5654296875 0.6162109375 0.564453125 0.619140625 0.5537109375 0.5869140625 0.548828125 0.55859375 0.5576171875
0 0.650390625 0.6044921875 0.6494140625 0.591796875 0.609375 0.5947265625 0.6123046875 0.60546875 0.650390625 0.6044921875
0 0.3525390625 0.59765625 0.337890625 0.6103515625 0.3427734375 0.6171875 0.384765625 0.6162109375 0.4130859375 0.615234375 0.423828125 0.6083984375 0.4091796875 0.59765625 0.3525390625 0.59765625
0 0.265625 0.5107421875 0.26953125 0.5263671875 0.28515625 0.5263671875 0.294921875 0.5166015625 0.2861328125 0.505859375 0.2705078125 0.505859375 0.265625 0.5107421875
0 0.525390625 0.5126953125 0.5185546875 0.5 0.451171875 0.5009765625 0.4658203125 0.513671875 0.525390625 0.5126953125
0 0.6875 0.4580078125 0.6845703125 0.44921875 0.6328125 0.4521484375 0.6376953125 0.458984375 0.6875 0.4580078125
0 0.65234375 0.5361328125 0.671875 0.5302734375 0.6328125 0.5283203125 0.6337890625 0.53515625 0.65234375 0.5361328125