0 0.1953125 0.1591796875 0.1884765625 0.15234375 0.1806640625 0.1484375 0.1396484375 0.1640625 0.1025390625 0.181640625 0.076171875 0.2041015625 0.076171875 0.2314453125 0.0810546875 0.236328125 0.1435546875 0.265625 0.1767578125 0.298828125 0.201171875 0.3037109375 0.212890625 0.2900390625 0.21484375 0.2587890625 0.19140625 0.2041015625 0.1953125 0.1591796875
0 0.0576171875 0.25 0.0048828125 0.23046875 0.001953125 0.3525390625 0.048828125 0.3525390625 0.0634765625 0.345703125 0.07421875 0.3291015625 0.068359375 0.2685546875 0.0576171875 0.25
0 0.1982421875 0.333984375 0.1689453125 0.3359375 0.1220703125 0.359375 0.09765625 0.3818359375 0.087890625 0.4072265625 0.091796875 0.4287109375 0.109375 0.4658203125 0.1474609375 0.4921875 0.2109375 0.4951171875 0.224609375 0.4853515625 0.228515625 0.4697265625 0.21484375 0.3466796875 0.1982421875 0.333984375
0 0.1064453125 0.48046875 0.0615234375 0.48046875 0.0419921875 0.486328125 0.03125 0.4970703125 0.03125 0.5361328125 0.05859375 0.5498046875 0.0908203125 0.533203125 0.099609375 0.5224609375 0.109375 0.5048828125 0.1064453125 0.48046875
0 0.3720703125 0.21484375 0.3505859375 0.21484375 0.3212890625 0.216796875 0.2998046875 0.2265625 0.298828125 0.2353515625 0.287109375 0.2412109375 0.2734375 0.2783203125 0.2783203125 0.2890625 0.29296875 0.2900390625 0.3583984375 0.271484375 0.375 0.2548828125 0.3828125 0.2255859375 0.3720703125 0.21484375
0 0.2724609375 0.318359375 0.240234375 0.3330078125 0.2509765625 0.349609375 0.27734375 0.3564453125 0.2890625 0.3486328125 0.291015625 0.3310546875 0.2841796875 0.3203125 0.2724609375 0.318359375
0 0.212890625 0.6083984375 0.224609375 0.6181640625 0.2275390625 0.634765625 0.244140625 0.6337890625 0.244140625 0.5830078125 0.2314453125 0.578125 0.21484375 0.5908203125 0.212890625 0.6083984375
0 0.2919921875 0.5078125 0.2724609375 0.53125 0.2431640625 0.533203125 0.2255859375 0.533203125 0.21484375 0.5224609375 0.212890625 0.5087890625 0.201171875 0.5087890625 0.197265625 0.5380859375 0.2080078125 0.552734375 0.2548828125 0.5625 0.2646484375 0.548828125 0.271484375 0.5517578125 0.2744140625 0.56640625 0.298828125 0.5712890625 0.318359375 0.5537109375 0.318359375 0.5166015625 0.3095703125 0.50390625 0.2919921875 0.5078125
0 0.255859375 0.4638671875 0.2626953125 0.47265625 0.279296875 0.4755859375 0.287109375 0.4716796875 0.287109375 0.4541015625 0.2607421875 0.443359375 0.255859375 0.4638671875
0 0.3056640625 0.69140625 0.2958984375 0.685546875 0.2568359375 0.69140625 0.2392578125 0.68359375 0.208984375 0.7041015625 0.1875 0.7392578125 0.1875 0.7509765625 0.2060546875 0.78125 0.224609375 0.7841796875 0.2666015625 0.76953125 0.291015625 0.7529296875 0.31640625 0.7099609375 0.3056640625 0.69140625
0 0.2626953125 0.837890625 0.2294921875 0.833984375 0.193359375 0.8544921875 0.181640625 0.8720703125 0.171875 0.9072265625 0.1865234375 0.919921875 0.244140625 0.9189453125 0.259765625 0.9111328125 0.2734375 0.8837890625 0.275390625 0.8525390625 0.2626953125 0.837890625
0 0.5166015625 0.89453125 0.4521484375 0.8984375 0.4013671875 0.859375 0.3759765625 0.84765625 0.3564453125 0.849609375 0.2744140625 0.896484375 0.24609375 0.9482421875 0.248046875 0.9736328125 0.2685546875 1 0.4765625 0.9990234375 0.48046875 0.9794921875 0.5234375 0.9287109375 0.52734375 0.9013671875 0.5166015625 0.89453125
0 0.3486328125 0.728515625 0.3134765625 0.74609375 0.29296875 0.7666015625 0.291015625 0.7822265625 0.2978515625 0.7890625 0.3173828125 0.798828125 0.330078125 0.7978515625 0.361328125 0.7802734375 0.3828125 0.7412109375 0.3798828125 0.73046875 0.3486328125 0.728515625
0 0.44921875 0.6298828125 0.44140625 0.6064453125 0.4248046875 0.58984375 0.4111328125 0.587890625 0.3603515625 0.61328125 0.345703125 0.6298828125 0.34765625 0.6552734375 0.3974609375 0.701171875 0.4287109375 0.7109375 0.4453125 0.7099609375 0.478515625 0.6806640625 0.48046875 0.6669921875 0.474609375 0.6533203125 0.44921875 0.6298828125
0 0.5390625 0.3330078125 0.517578125 0.3017578125 0.5029296875 0.287109375 0.4912109375 0.287109375 0.47265625 0.3017578125 0.47265625 0.3115234375 0.451171875 0.3349609375 0.451171875 0.3994140625 0.462890625 0.4697265625 0.4873046875 0.49609375 0.51171875 0.4970703125 0.5380859375 0.490234375 0.55859375 0.4716796875 0.55859375 0.3818359375 0.5390625 0.3330078125
0 0.4423828125 0.517578125 0.4033203125 0.51953125 0.3916015625 0.52734375 0.376953125 0.5478515625 0.376953125 0.5615234375 0.3876953125 0.572265625 0.40625 0.5712890625 0.4541015625 0.560546875 0.46875 0.5400390625 0.46875 0.5283203125 0.4423828125 0.517578125
0 0.5693359375 0.234375 0.576171875 0.2275390625 0.5703125 0.1767578125 0.5556640625 0.150390625 0.5517578125 0.158203125 0.5498046875 0.15234375 0.5361328125 0.15234375 0.5361328125 0.14453125 0.5185546875 0.146484375 0.5 0.1572265625 0.4853515625 0.185546875 0.4736328125 0.177734375 0.4658203125 0.181640625 0.4345703125 0.173828125 0.39453125 0.1923828125 0.4111328125 0.21484375 0.423828125 0.2177734375 0.4306640625 0.232421875 0.4755859375 0.26171875 0.486328125 0.2626953125 0.498046875 0.2529296875 0.5009765625 0.216796875 0.5478515625 0.236328125 0.5693359375 0.234375
0 0.740234375 0.1962890625 0.736328125 0.1806640625 0.6982421875 0.150390625 0.650390625 0.1318359375 0.646484375 0.1123046875 0.6640625 0.1005859375 0.6591796875 0.091796875 0.6484375 0.0888671875 0.646484375 0.0751953125 0.63671875 0.0654296875 0.630859375 0.0283203125 0.6171875 0.0048828125 0.6123046875 0 0.5576171875 0.001953125 0.55859375 0.0146484375 0.5859375 0.0439453125 0.625 0.1103515625 0.630859375 0.1728515625 0.64453125 0.2099609375 0.6689453125 0.23828125 0.6875 0.2392578125 0.69921875 0.2353515625 0.69921875 0.2197265625 0.6923828125 0.21484375 0.740234375 0.1962890625
0 0.7490234375 0.373046875 0.75390625 0.3623046875 0.75390625 0.3291015625 0.734375 0.2998046875 0.7197265625 0.2890625 0.6962890625 0.291015625 0.6767578125 0.302734375 0.662109375 0.3291015625 0.6376953125 0.33984375 0.62109375 0.3642578125 0.62109375 0.4033203125 0.638671875 0.4501953125 0.6533203125 0.470703125 0.6796875 0.4736328125 0.728515625 0.4599609375 0.7265625 0.4150390625 0.7109375 0.3779296875 0.7490234375 0.373046875
0 0.6357421875 0.474609375 0.6201171875 0.4765625 0.587890625 0.5166015625 0.58984375 0.5556640625 0.6064453125 0.568359375 0.62109375 0.5693359375 0.6328125 0.5615234375 0.6328125 0.5205078125 0.642578125 0.5048828125 0.6357421875 0.474609375
0 0.5458984375 0.560546875 0.5126953125 0.5390625 0.50390625 0.5595703125 0.484375 0.5732421875 0.486328125 0.6181640625 0.4970703125 0.630859375 0.537109375 0.6318359375 0.55078125 0.6240234375 0.564453125 0.5986328125 0.564453125 0.5810546875 0.5458984375 0.560546875
0 0.6376953125 0.59375 0.6064453125 0.595703125 0.5673828125 0.615234375 0.564453125 0.6240234375 0.546875 0.6357421875 0.548828125 0.6591796875 0.5673828125 0.681640625 0.5966796875 0.693359375 0.63671875 0.6982421875 0.662109375 0.6748046875 0.66796875 0.6396484375 0.662109375 0.6142578125 0.6376953125 0.59375
0 0.7216796875 0.955078125 0.7158203125 0.958984375 0.7109375 0.9541015625 0.72265625 0.9482421875 0.72265625 0.9228515625 0.73046875 0.9189453125 0.7333984375 0.888671875 0.7392578125 0.9140625 0.74609375 0.9052734375 0.740234375 0.8955078125 0.7470703125 0.892578125 0.75390625 0.9111328125 0.765625 0.9189453125 0.767578125 0.9658203125 0.7724609375 0.970703125 0.78515625 0.9638671875 0.775390625 0.9560546875 0.7890625 0.9482421875 0.787109375 0.9423828125 0.7939453125 0.935546875 0.8232421875 0.921875 0.8603515625 0.921875 0.8701171875 0.916015625 0.9521484375 0.921875 0.9873046875 0.90625 0.9921875 0.9130859375 0.984375 0.9169921875 0.99609375 0.9169921875 0.9990234375 0.69921875 0.8896484375 0.69921875 0.8544921875 0.69140625 0.8359375 0.7021484375 0.833984375 0.7138671875 0.8046875 0.7412109375 0.80078125 0.7548828125 0.7861328125 0.76953125 0.7646484375 0.7578125 0.7529296875 0.740234375 0.7412109375 0.740234375 0.7314453125 0.76171875 0.728515625 0.7451171875 0.734375 0.7412109375 0.734375 0.7294921875 0.7099609375 0.7109375 0.6923828125 0.712890625 0.650390625 0.7470703125 0.607421875 0.8525390625 0.609375 0.9072265625 0.630859375 0.9228515625 0.63671875 0.9384765625 0.62890625 0.9990234375 0.6748046875 1 0.68359375 0.9951171875 0.677734375 0.9873046875 0.6845703125 0.982421875 0.6904296875 1 0.69921875 0.9970703125 0.69140625 0.9873046875 0.6962890625 0.984375 0.703125 0.9853515625 0.7041015625 1 0.73046875 0.9990234375 0.72265625 0.9892578125 0.732421875 0.9814453125 0.728515625 0.9638671875 0.7216796875 0.955078125
0 0.744140625 0.8798828125 0.744140625 0.8330078125 0.712890625 0.7822265625 0.71484375 0.7509765625 0.73046875 0.7236328125 0.7138671875 0.712890625 0.6982421875 0.712890625 0.6484375 0.7529296875 0.609375 0.8486328125 0.609375 0.9033203125 0.630859375 0.9228515625 0.638671875 0.9443359375 0.626953125 0.9716796875 0.625 0.9951171875 0.6279296875 1 0.748046875 0.9990234375 0.74609375 0.9658203125 0.728515625 0.9404296875 0.728515625 0.9150390625 0.744140625 0.8798828125
0 0.5869140625 0.73828125 0.5322265625 0.73828125 0.5263671875 0.759765625 0.4892578125 0.759765625 0.46875 0.7783203125 0.466796875 0.8173828125 0.4775390625 0.83203125 0.5087890625 0.833984375 0.5361328125 0.8515625 0.5703125 0.8603515625 0.583984375 0.8466796875 0.576171875 0.8076171875 0.607421875 0.7802734375 0.5869140625 0.73828125
0 0.517578125 0.9755859375 0.5166015625 1 0.580078125 0.9990234375 0.58984375 0.9775390625 0.5849609375 0.951171875 0.5615234375 0.951171875 0.517578125 0.9755859375
0 0.84375 0.6162109375 0.849609375 0.6064453125 0.849609375 0.5810546875 0.8447265625 0.576171875 0.8154296875 0.57421875 0.8037109375 0.60546875 0.7802734375 0.595703125 0.759765625 0.6064453125 0.748046875 0.6357421875 0.748046875 0.6552734375 0.763671875 0.6669921875 0.7880859375 0.66015625 0.7978515625 0.634765625 0.8251953125 0.630859375 0.84375 0.6162109375
0 0.7685546875 0.2890625 0.763671875 0.2939453125 0.763671875 0.3232421875 0.7939453125 0.35546875 0.8115234375 0.365234375 0.830078125 0.3642578125 0.85546875 0.3447265625 0.85546875 0.2919921875 0.8466796875 0.287109375 0.7685546875 0.2890625
0 0.8720703125 0.37109375 0.8544921875 0.353515625 0.86328125 0.3974609375 0.8828125 0.3994140625 0.9150390625 0.396484375 0.916015625 0.3662109375 0.9013671875 0.359375 0.8720703125 0.37109375
0 0.7900390625 0.380859375 0.7607421875 0.3828125 0.7578125 0.4013671875 0.763671875 0.4267578125 0.78125 0.4287109375 0.8173828125 0.41796875 0.826171875 0.4091796875 0.826171875 0.3994140625 0.7900390625 0.380859375
0 0.9658203125 0.349609375 0.939453125 0.3779296875 0.9462890625 0.388671875 0.970703125 0.3935546875 0.984375 0.3798828125 0.984375 0.3564453125 0.9755859375 0.34765625 0.9658203125 0.349609375
0 0.95703125 0.3095703125 0.9482421875 0.302734375 0.955078125 0.3271484375 0.95703125 0.3095703125
0 0.904296875 0.3349609375 0.9111328125 0.341796875 0.921875 0.3408203125 0.923828125 0.3173828125 0.9091796875 0.310546875 0.904296875 0.3134765625 0.904296875 0.3349609375
0 0.8095703125 0 0.810546875 0.0400390625 0.8466796875 0.0546875 0.8486328125 0.068359375 0.7666015625 0.078125 0.7626953125 0.0859375 0.7548828125 0.078125 0.71875 0.0810546875 0.734375 0.1201171875 0.7431640625 0.126953125 0.7646484375 0.12890625 0.7783203125 0.123046875 0.8017578125 0.1328125 0.8056640625 0.119140625 0.8115234375 0.125 0.8330078125 0.125 0.8544921875 0.111328125 0.8828125 0.1357421875 0.9169921875 0.126953125 1 0.1318359375 0.9990234375 0 0.8095703125 0
0 0.8017578125 0.146484375 0.80078125 0.1943359375 0.83203125 0.1962890625 0.849609375 0.1904296875 0.849609375 0.1728515625 0.8349609375 0.16015625 0.8017578125 0.146484375
0 0.873046875 0.1748046875 0.890625 0.1845703125 0.8984375 0.1513671875 0.8876953125 0.142578125 0.873046875 0.1533203125 0.873046875 0.1748046875
0 0.94140625 0.1376953125 0.9326171875 0.130859375 0.9228515625 0.1328125 0.916015625 0.1416015625 0.921875 0.1943359375 0.9306640625 0.19921875 0.962890625 0.1982421875 0.96484375 0.1669921875 0.9560546875 0.166015625 0.9501953125 0.173828125 0.94140625 0.1376953125