0 0.255859375 0.3212890625 0.2392578125 0.30859375 0.2236328125 0.326171875 0.2060546875 0.326171875 0.1923828125 0.3359375 0.1494140625 0.314453125 0.1181640625 0.310546875 0.0791015625 0.318359375 0.0478515625 0.34765625 0.0166015625 0.349609375 0.0146484375 0.359375 0.0048828125 0.34765625 0 0.3603515625 0.00390625 0.4443359375 0.0107421875 0.4296875 0.0166015625 0.44140625 0.0322265625 0.43359375 0.0537109375 0.43359375 0.0751953125 0.453125 0.091796875 0.4560546875 0.1357421875 0.44921875 0.2216796875 0.3984375 0.255859375 0.3505859375 0.255859375 0.3212890625
0 0.1142578125 0.296875 0.140625 0.2841796875 0.1103515625 0.27734375 0.1025390625 0.28515625 0.0986328125 0.27734375 0.0869140625 0.28515625 0.0830078125 0.27734375 0.0732421875 0.291015625 0.0654296875 0.26953125 0.0576171875 0.29296875 0.0517578125 0.26953125 0.04296875 0.2783203125 0.046875 0.3037109375 0.068359375 0.3134765625 0.0732421875 0.3046875 0.1005859375 0.30078125 0.1025390625 0.2890625 0.1142578125 0.296875
0 0.212890625 0.2333984375 0.216796875 0.2216796875 0.2060546875 0.216796875 0.1982421875 0.228515625 0.1884765625 0.228515625 0.189453125 0.2197265625 0.1728515625 0.21484375 0.1689453125 0.20703125 0.1669921875 0.21484375 0.1533203125 0.212890625 0.1201171875 0.23046875 0.0380859375 0.232421875 0.03515625 0.2509765625 0.046875 0.2998046875 0.0576171875 0.3125 0.064453125 0.3115234375 0.1318359375 0.2890625 0.1630859375 0.28515625 0.181640625 0.2587890625 0.212890625 0.2333984375
0 0.166015625 0.7021484375 0.173828125 0.6943359375 0.173828125 0.6806640625 0.16015625 0.6572265625 0.11328125 0.6123046875 0.109375 0.5537109375 0.0986328125 0.537109375 0.0751953125 0.54296875 0.0244140625 0.59765625 0.01171875 0.6025390625 0.044921875 0.8115234375 0.0556640625 0.8203125 0.083984375 0.8232421875 0.1162109375 0.810546875 0.13671875 0.7919921875 0.158203125 0.7451171875 0.166015625 0.7021484375
0 0.0830078125 0.787109375 0.0634765625 0.79296875 0.0576171875 0.806640625 0.048828125 0.8056640625 0.0634765625 0.8203125 0.0859375 0.8212890625 0.1162109375 0.810546875 0.126953125 0.7919921875 0.0966796875 0.79296875 0.0830078125 0.787109375
0 0 0.1337890625 0.0126953125 0.138671875 0.01953125 0.1494140625 0.03125 0.2294921875 0.0712890625 0.2265625 0.091796875 0.2333984375 0.1025390625 0.228515625 0.1142578125 0.232421875 0.1494140625 0.2109375 0.1826171875 0.201171875 0.185546875 0.1923828125 0.1796875 0.1904296875 0.1875 0.1826171875 0.1796875 0.1650390625 0.240234375 0.1376953125 0.228515625 0.0517578125 0.2216796875 0.041015625 0.1220703125 0.0546875 0.0830078125 0.06640625 0.0244140625 0.0703125 0.0078125 0.0771484375 0 0.1025390625 0 0.1337890625
0 0.0361328125 0.484375 0.0185546875 0.484375 0 0.4970703125 0.001953125 0.5556640625 0.0068359375 0.5625 0.015625 0.5615234375 0.02734375 0.5576171875 0.037109375 0.5380859375 0.04296875 0.4931640625 0.0361328125 0.484375
0 0.201171875 0.7861328125 0.1904296875 0.779296875 0.1572265625 0.78515625 0.126953125 0.8115234375 0.130859375 0.8662109375 0.138671875 0.8857421875 0.150390625 0.8896484375 0.1826171875 0.875 0.2109375 0.8349609375 0.208984375 0.8017578125 0.201171875 0.7861328125
0 0.3564453125 0.76953125 0.353515625 0.7626953125 0.34765625 0.7294921875 0.3291015625 0.71484375 0.3095703125 0.720703125 0.28125 0.7470703125 0.263671875 0.8076171875 0.263671875 0.8271484375 0.2705078125 0.837890625 0.2919921875 0.849609375 0.306640625 0.8486328125 0.34765625 0.8134765625 0.36328125 0.7802734375 0.361328125 0.7646484375 0.3564453125 0.76953125
0 0.2861328125 0.65234375 0.2421875 0.6845703125 0.232421875 0.7080078125 0.236328125 0.7353515625 0.2509765625 0.751953125 0.263671875 0.7529296875 0.287109375 0.7236328125 0.296875 0.6904296875 0.294921875 0.6630859375 0.2861328125 0.65234375
0 0.259765625 0.5048828125 0.25 0.4521484375 0.2353515625 0.4453125 0.2158203125 0.447265625 0.2119140625 0.439453125 0.203125 0.4423828125 0.1904296875 0.470703125 0.1787109375 0.4765625 0.1728515625 0.470703125 0.1474609375 0.47265625 0.134765625 0.4833984375 0.146484375 0.5185546875 0.171875 0.5478515625 0.173828125 0.5732421875 0.1865234375 0.58203125 0.208984375 0.5810546875 0.234375 0.5712890625 0.24609375 0.5517578125 0.240234375 0.5166015625 0.259765625 0.5048828125
0 0.388671875 0.3876953125 0.3623046875 0.359375 0.3369140625 0.357421875 0.3037109375 0.369140625 0.283203125 0.3916015625 0.283203125 0.4072265625 0.298828125 0.4462890625 0.3193359375 0.47265625 0.357421875 0.4775390625 0.36328125 0.4619140625 0.376953125 0.4501953125 0.388671875 0.4091796875 0.388671875 0.3876953125
0 0.4287109375 0.462890625 0.4091796875 0.451171875 0.3974609375 0.451171875 0.3798828125 0.470703125 0.365234375 0.4775390625 0.36328125 0.4892578125 0.3740234375 0.529296875 0.408203125 0.5322265625 0.4306640625 0.52734375 0.435546875 0.5126953125 0.453125 0.4931640625 0.4287109375 0.462890625
0 0.4091796875 0.580078125 0.3798828125 0.572265625 0.3623046875 0.560546875 0.3544921875 0.56640625 0.3427734375 0.5625 0.3115234375 0.568359375 0.30078125 0.5966796875 0.31640625 0.6318359375 0.3701171875 0.67578125 0.390625 0.6748046875 0.412109375 0.6513671875 0.42578125 0.6123046875 0.423828125 0.5927734375 0.4091796875 0.580078125
0 0.4599609375 0.541015625 0.4453125 0.5654296875 0.4453125 0.6220703125 0.4580078125 0.6328125 0.46875 0.6318359375 0.494140625 0.6044921875 0.494140625 0.5712890625 0.4775390625 0.537109375 0.4599609375 0.541015625
0 0.5078125 0.7431640625 0.4970703125 0.740234375 0.478515625 0.7548828125 0.478515625 0.7705078125 0.4951171875 0.80078125 0.5068359375 0.80859375 0.51953125 0.8076171875 0.541015625 0.7939453125 0.5380859375 0.787109375 0.51171875 0.7783203125 0.5078125 0.7431640625
0 0.4775390625 0.689453125 0.458984375 0.7119140625 0.4697265625 0.734375 0.5 0.7353515625 0.517578125 0.7197265625 0.52734375 0.6982421875 0.5166015625 0.68359375 0.4775390625 0.689453125
0 0.712890625 0.7783203125 0.703125 0.7607421875 0.5751953125 0.76171875 0.5595703125 0.76953125 0.55078125 0.7802734375 0.55078125 0.7978515625 0.5546875 0.8310546875 0.56640625 0.8525390625 0.5947265625 0.8828125 0.6357421875 0.89453125 0.66015625 0.8935546875 0.6748046875 0.88671875 0.6953125 0.8583984375 0.7109375 0.8154296875 0.712890625 0.7783203125
0 0.5791015625 0.88671875 0.5595703125 0.88671875 0.5478515625 0.89453125 0.53125 0.9111328125 0.5234375 0.9306640625 0.521484375 0.9501953125 0.52734375 0.9619140625 0.5361328125 0.970703125 0.55859375 0.9716796875 0.5712890625 0.96875 0.5859375 0.9501953125 0.587890625 0.9228515625 0.5791015625 0.88671875
0 0.8837890625 0.75 0.8349609375 0.759765625 0.7861328125 0.744140625 0.7685546875 0.744140625 0.7470703125 0.755859375 0.740234375 0.7626953125 0.74609375 0.7841796875 0.787109375 0.8173828125 0.8310546875 0.87890625 0.84375 0.8779296875 0.859375 0.8740234375 0.876953125 0.8427734375 0.896484375 0.7607421875 0.8837890625 0.75
0 0.7373046875 0.89453125 0.72265625 0.9033203125 0.71484375 0.9287109375 0.720703125 0.9658203125 0.740234375 0.9677734375 0.8369140625 0.953125 0.84375 0.9462890625 0.8134765625 0.89453125 0.7373046875 0.89453125
0 0.7919921875 0.57421875 0.7646484375 0.583984375 0.74609375 0.6123046875 0.740234375 0.6787109375 0.7490234375 0.69140625 0.7578125 0.6904296875 0.7919921875 0.671875 0.806640625 0.6455078125 0.8046875 0.5927734375 0.7919921875 0.57421875
0 0.8701171875 0.40234375 0.9150390625 0.396484375 0.9150390625 0.37890625 0.8974609375 0.37890625 0.8740234375 0.388671875 0.7998046875 0.37890625 0.7724609375 0.37890625 0.75390625 0.3857421875 0.75 0.4111328125 0.7734375 0.4560546875 0.7451171875 0.46484375 0.73828125 0.4853515625 0.7763671875 0.52734375 0.822265625 0.5634765625 0.83203125 0.5439453125 0.83203125 0.4873046875 0.8515625 0.4111328125 0.8701171875 0.40234375
0 0.7109375 0.4677734375 0.6591796875 0.435546875 0.6162109375 0.42578125 0.5322265625 0.43359375 0.5185546875 0.439453125 0.50390625 0.4619140625 0.5 0.4912109375 0.5078125 0.5166015625 0.5400390625 0.53515625 0.60546875 0.5341796875 0.6728515625 0.5234375 0.6884765625 0.501953125 0.701171875 0.4970703125 0.7109375 0.4677734375
0 0.671875 0.2880859375 0.673828125 0.2529296875 0.6669921875 0.240234375 0.6494140625 0.23828125 0.6298828125 0.224609375 0.6044921875 0.224609375 0.5859375 0.2353515625 0.5888671875 0.2734375 0.5439453125 0.263671875 0.5166015625 0.265625 0.50390625 0.2724609375 0.505859375 0.2958984375 0.498046875 0.3193359375 0.50390625 0.3427734375 0.5244140625 0.35546875 0.5859375 0.3662109375 0.6083984375 0.36328125 0.6318359375 0.34765625 0.642578125 0.3173828125 0.671875 0.2880859375
0 1 0.4541015625 0.97265625 0.3017578125 0.9404296875 0.29296875 0.9033203125 0.2734375 0.8701171875 0.275390625 0.869140625 0.2919921875 0.8505859375 0.298828125 0.833984375 0.2880859375 0.81640625 0.2509765625 0.7841796875 0.224609375 0.78515625 0.2470703125 0.779296875 0.2529296875 0.783203125 0.2626953125 0.7724609375 0.265625 0.767578125 0.2587890625 0.77734375 0.2529296875 0.765625 0.2490234375 0.771484375 0.2373046875 0.7646484375 0.232421875 0.755859375 0.3017578125 0.7705078125 0.3125 0.7998046875 0.3203125 0.8642578125 0.31640625 0.8896484375 0.328125 0.916015625 0.3525390625 0.912109375 0.3603515625 0.919921875 0.3681640625 0.92578125 0.3935546875 1 0.4833984375 1 0.4541015625
0 0.8671875 0.1083984375 0.8759765625 0.08203125 0.9208984375 0.072265625 0.935546875 0.0751953125 0.92578125 0.0009765625 0.7255859375 0 0.7421875 0.0693359375 0.765625 0.0869140625 0.765625 0.0966796875 0.796875 0.1259765625 0.802734375 0.1337890625 0.7998046875 0.138671875 0.8095703125 0.138671875 0.8232421875 0.154296875 0.833984375 0.1533203125 0.845703125 0.1298828125 0.857421875 0.1298828125 0.861328125 0.1083984375 0.8671875 0.1083984375
0 0.5380859375 0.1640625 0.529296875 0.1845703125 0.52734375 0.2275390625 0.578125 0.2314453125 0.572265625 0.2197265625 0.572265625 0.1923828125 0.5478515625 0.162109375 0.5380859375 0.1640625
0 0.6025390625 0.123046875 0.583984375 0.1474609375 0.58203125 0.1630859375 0.6064453125 0.197265625 0.63671875 0.2138671875 0.6640625 0.2060546875 0.65234375 0.1240234375 0.6494140625 0.119140625 0.6025390625 0.123046875
0 0.3486328125 0.208984375 0.3583984375 0.2109375 0.376953125 0.2001953125 0.375 0.1826171875 0.3662109375 0.171875 0.3427734375 0.173828125 0.328125 0.1865234375 0.3203125 0.2021484375 0.322265625 0.2275390625 0.296875 0.2451171875 0.296875 0.2744140625 0.322265625 0.2783203125 0.357421875 0.2568359375 0.359375 0.2392578125 0.345703125 0.2158203125 0.3486328125 0.208984375