0 0.955078125 0.4091796875 0.9462890625 0.404296875 0.9208984375 0.412109375 0.908203125 0.4248046875 0.87890625 0.4736328125 0.87890625 0.4892578125 0.89453125 0.5048828125 0.890625 0.5537109375 0.880859375 0.5634765625 0.8828125 0.5986328125 0.8955078125 0.6171875 0.912109375 0.6181640625 0.953125 0.5947265625 0.97265625 0.5341796875 0.970703125 0.4599609375 0.955078125 0.4091796875
0 0.85546875 0.5537109375 0.8427734375 0.541015625 0.828125 0.5498046875 0.80859375 0.6123046875 0.8125 0.6650390625 0.828125 0.6982421875 0.826171875 0.7626953125 0.833984375 0.7626953125 0.849609375 0.7392578125 0.8515625 0.6142578125 0.857421875 0.6064453125 0.85546875 0.5537109375
0 0.888671875 0.2490234375 0.87890625 0.2412109375 0.8828125 0.2275390625 0.8779296875 0.224609375 0.857421875 0.2314453125 0.853515625 0.2626953125 0.837890625 0.2763671875 0.830078125 0.3017578125 0.830078125 0.3447265625 0.8369140625 0.35546875 0.845703125 0.3544921875 0.857421875 0.3251953125 0.884765625 0.2978515625 0.888671875 0.2861328125 0.888671875 0.2490234375
0 0.8017578125 0.33984375 0.7890625 0.3408203125 0.77734375 0.3583984375 0.7734375 0.3798828125 0.76953125 0.5263671875 0.775390625 0.5302734375 0.794921875 0.5087890625 0.80078125 0.4794921875 0.81640625 0.4560546875 0.8017578125 0.33984375
0 0.724609375 0.5224609375 0.7158203125 0.505859375 0.69921875 0.5087890625 0.68359375 0.5556640625 0.689453125 0.6064453125 0.703125 0.6083984375 0.705078125 0.5947265625 0.7236328125 0.587890625 0.728515625 0.5751953125 0.724609375 0.5224609375
0 0.6396484375 0.63671875 0.6318359375 0.63671875 0.6328125 0.6455078125 0.615234375 0.6533203125 0.611328125 0.6767578125 0.599609375 0.6865234375 0.59765625 0.7177734375 0.607421875 0.7275390625 0.6357421875 0.7265625 0.64453125 0.7177734375 0.6484375 0.6689453125 0.6396484375 0.63671875
0 0.6259765625 0.349609375 0.611328125 0.3662109375 0.607421875 0.3955078125 0.615234375 0.4462890625 0.626953125 0.4189453125 0.6328125 0.3779296875 0.634765625 0.3583984375 0.6259765625 0.349609375
0 0.44140625 0.5087890625 0.439453125 0.5712890625 0.44921875 0.5732421875 0.453125 0.5146484375 0.4609375 0.4873046875 0.4580078125 0.46875 0.44140625 0.5087890625
0 0.51171875 0.5283203125 0.517578125 0.4619140625 0.5068359375 0.451171875 0.5 0.5224609375 0.51171875 0.5283203125
0 0.435546875 0.6845703125 0.44140625 0.6845703125 0.447265625 0.6494140625 0.4443359375 0.62890625 0.435546875 0.6513671875 0.435546875 0.6845703125
0 0.521484375 0.6728515625 0.525390625 0.6396484375 0.5126953125 0.63671875 0.513671875 0.6728515625 0.521484375 0.6728515625
0 0.541015625 0.6201171875 0.552734375 0.6240234375 0.5576171875 0.56640625 0.55078125 0.5693359375 0.541015625 0.6005859375 0.541015625 0.6201171875
0 0.64453125 0.7451171875 0.65234375 0.7900390625 0.658203125 0.7919921875 0.6640625 0.7314453125 0.66015625 0.7041015625 0.6533203125 0.703125 0.64453125 0.7451171875
0 0.73046875 0.7939453125 0.75 0.7978515625 0.755859375 0.7451171875 0.7431640625 0.7421875 0.73046875 0.7548828125 0.73046875 0.7939453125