0 0.9326171875 0.390625 0.9013671875 0.37890625 0.880859375 0.4072265625 0.87890625 0.4384765625 0.890625 0.4462890625 0.89453125 0.4970703125 0.880859375 0.5107421875 0.87890625 0.5263671875 0.9267578125 0.591796875 0.94921875 0.5927734375 0.970703125 0.5439453125 0.970703125 0.4580078125 0.951171875 0.4072265625 0.9326171875 0.390625
0 0.853515625 0.3154296875 0.84765625 0.2529296875 0.8388671875 0.23828125 0.8271484375 0.236328125 0.828125 0.3017578125 0.8125 0.3349609375 0.80859375 0.3876953125 0.828125 0.4521484375 0.8330078125 0.458984375 0.84375 0.4599609375 0.85546875 0.4521484375 0.859375 0.4052734375 0.8515625 0.3857421875 0.853515625 0.3154296875
0 0.79296875 0.4775390625 0.7724609375 0.4609375 0.765625 0.4755859375 0.7734375 0.6181640625 0.787109375 0.6591796875 0.798828125 0.6630859375 0.8046875 0.6611328125 0.81640625 0.5458984375 0.810546875 0.5087890625 0.79296875 0.4775390625
0 0.849609375 0.6494140625 0.8349609375 0.646484375 0.828125 0.6806640625 0.8359375 0.7216796875 0.8583984375 0.7421875 0.880859375 0.7412109375 0.888671875 0.7353515625 0.88671875 0.7041015625 0.857421875 0.6728515625 0.849609375 0.6494140625
0 0.703125 0.3994140625 0.7021484375 0.392578125 0.6923828125 0.392578125 0.68359375 0.4462890625 0.697265625 0.4853515625 0.712890625 0.4951171875 0.720703125 0.4892578125 0.728515625 0.4619140625 0.728515625 0.4208984375 0.703125 0.3994140625
0 0.55078125 0.4326171875 0.55859375 0.4345703125 0.556640625 0.3857421875 0.5458984375 0.376953125 0.541015625 0.4013671875 0.55078125 0.4326171875
0 0.58203125 0.3798828125 0.591796875 0.3818359375 0.595703125 0.3486328125 0.5908203125 0.33984375 0.5810546875 0.337890625 0.58203125 0.3798828125
0 0.64453125 0.2978515625 0.62890625 0.2880859375 0.6259765625 0.2734375 0.6025390625 0.271484375 0.595703125 0.2802734375 0.59765625 0.3115234375 0.611328125 0.3251953125 0.61328125 0.3466796875 0.623046875 0.3486328125 0.634765625 0.3310546875 0.630859375 0.3251953125 0.646484375 0.3173828125 0.64453125 0.2978515625
0 0.646484375 0.2666015625 0.65234375 0.2958984375 0.66015625 0.2958984375 0.6640625 0.2470703125 0.66015625 0.2119140625 0.6533203125 0.208984375 0.646484375 0.2666015625
0 0.73046875 0.2431640625 0.7431640625 0.259765625 0.75390625 0.2587890625 0.751953125 0.2080078125 0.7412109375 0.203125 0.73046875 0.2099609375 0.73046875 0.2431640625
0 0.4404296875 0.37109375 0.447265625 0.3701171875 0.4453125 0.3271484375 0.4365234375 0.31640625 0.4375 0.3642578125 0.4404296875 0.37109375
0 0.5068359375 0.47265625 0.5 0.4794921875 0.5 0.5029296875 0.50390625 0.5478515625 0.51171875 0.5498046875 0.517578125 0.5419921875 0.517578125 0.5107421875 0.513671875 0.4755859375 0.5068359375 0.47265625
0 0.6142578125 0.564453125 0.607421875 0.6083984375 0.61328125 0.6416015625 0.625 0.6513671875 0.6328125 0.6494140625 0.6328125 0.6259765625 0.626953125 0.5830078125 0.6142578125 0.564453125
0 0.544921875 0.7470703125 0.552734375 0.7783203125 0.5625 0.7802734375 0.564453125 0.7275390625 0.5556640625 0.72265625 0.544921875 0.7314453125 0.544921875 0.7470703125
0 0.732421875 0.6552734375 0.74609375 0.6728515625 0.74609375 0.6142578125 0.7412109375 0.603515625 0.7314453125 0.603515625 0.732421875 0.6552734375
0 0.7255859375 0.736328125 0.7158203125 0.736328125 0.7060546875 0.72265625 0.70703125 0.7607421875 0.7177734375 0.771484375 0.7421875 0.7763671875 0.75 0.7626953125 0.740234375 0.7236328125 0.7353515625 0.720703125 0.7255859375 0.736328125