0 1 0.2783203125 0.9765625 0.2705078125 0.9658203125 0.2265625 0.8759765625 0.2265625 0.828125 0.1982421875 0.828125 0.1728515625 0.8408203125 0.169921875 0.8310546875 0.1640625 0.8251953125 0.16796875 0.8193359375 0.154296875 0.8017578125 0.16015625 0.7998046875 0.150390625 0.7763671875 0.146484375 0.7734375 0.1318359375 0.7646484375 0.1328125 0.74609375 0.1767578125 0.74609375 0.1923828125 0.7587890625 0.20703125 0.767578125 0.2080078125 0.76953125 0.2177734375 0.80078125 0.2470703125 0.810546875 0.2646484375 0.7978515625 0.27734375 0.7900390625 0.27734375 0.7685546875 0.306640625 0.7626953125 0.298828125 0.75 0.3115234375 0.7421875 0.3232421875 0.744140625 0.3505859375 0.7783203125 0.3984375 0.8486328125 0.4375 0.8623046875 0.451171875 0.921875 0.4560546875 0.9482421875 0.435546875 0.9697265625 0.4375 0.9873046875 0.453125 1 0.4521484375 1 0.2783203125
0 1 0.0771484375 0.7763671875 0.041015625 0.771484375 0.0458984375 0.765625 0.1357421875 0.8037109375 0.158203125 0.8193359375 0.15625 0.82421875 0.1650390625 0.8203125 0.1845703125 0.8369140625 0.20703125 0.8779296875 0.2265625 0.9140625 0.2294921875 0.9306640625 0.224609375 0.96875 0.2275390625 0.98046875 0.1474609375 1 0.1240234375 1 0.0771484375
0 0.9716796875 0.595703125 0.9267578125 0.54296875 0.8994140625 0.537109375 0.890625 0.5517578125 0.88671875 0.6123046875 0.83984375 0.6552734375 0.826171875 0.6806640625 0.826171875 0.6962890625 0.859375 0.7880859375 0.9033203125 0.8203125 0.93359375 0.8212890625 0.9501953125 0.81640625 0.95703125 0.8017578125 0.98828125 0.6025390625 0.9716796875 0.595703125
0 0.9453125 0.7880859375 0.9453125 0.7802734375 0.953125 0.7783203125 0.935546875 0.7685546875 0.9423828125 0.767578125 0.9443359375 0.759765625 0.88671875 0.7607421875 0.8955078125 0.767578125 0.9326171875 0.765625 0.9326171875 0.7734375 0.9267578125 0.76953125 0.8798828125 0.771484375 0.8701171875 0.77734375 0.853515625 0.7744140625 0.8857421875 0.8125 0.9013671875 0.8203125 0.927734375 0.8212890625 0.9482421875 0.818359375 0.955078125 0.8017578125 0.955078125 0.7919921875 0.9453125 0.7880859375
0 0.677734375 0.1962890625 0.671875 0.1865234375 0.6572265625 0.171875 0.6337890625 0.16796875 0.623046875 0.1845703125 0.62109375 0.2001953125 0.6318359375 0.2109375 0.654296875 0.2177734375 0.638671875 0.2431640625 0.64453125 0.2607421875 0.6767578125 0.279296875 0.69140625 0.2802734375 0.705078125 0.2724609375 0.701171875 0.2392578125 0.677734375 0.2294921875 0.677734375 0.1962890625
0 0.3974609375 0.123046875 0.3505859375 0.119140625 0.3359375 0.2060546875 0.3671875 0.2119140625 0.3935546875 0.197265625 0.4140625 0.1748046875 0.41796875 0.1513671875 0.3974609375 0.123046875
0 0.427734375 0.1201171875 0.4384765625 0.126953125 0.45703125 0.1259765625 0.4609375 0.0732421875 0.4423828125 0.068359375 0.431640625 0.0908203125 0.427734375 0.1201171875
0 0.546875 0.0283203125 0.537109375 0.0361328125 0.552734375 0.0576171875 0.5546875 0.0712890625 0.5703125 0.0732421875 0.572265625 0.0107421875 0.5107421875 0.005859375 0.5087890625 0.01171875 0.546875 0.0283203125
0 0.423828125 0.0087890625 0.427734375 0.0224609375 0.4482421875 0.048828125 0.455078125 0.0478515625 0.466796875 0.0263671875 0.4609375 0.0068359375 0.4306640625 0.001953125 0.423828125 0.0087890625
0 0.515625 0.0341796875 0.51953125 0.0380859375 0.5146484375 0.04296875 0.501953125 0.0400390625 0.5029296875 0.046875 0.5234375 0.0458984375 0.5234375 0.0380859375 0.529296875 0.0361328125 0.5244140625 0.03125 0.515625 0.0341796875
0 0.21484375 0.1201171875 0.197265625 0.1474609375 0.24609375 0.1572265625 0.251953125 0.1220703125 0.24609375 0.1083984375 0.2353515625 0.10546875 0.21484375 0.1201171875
0 0.0751953125 0 0.0625 0.0751953125 0.1142578125 0.078125 0.1259765625 0.0859375 0.1548975359375 0.143627434375 0.1822812515625 0.17012019843749998 0.2166502609375 0.11227393125 0.201171875 0.0654296875 0.19921875 0.0341796875 0.1884765625 0.03125 0.1591796875 0 0.0751953125 0
0 0.12447879531249999 0.2295297953125 0.1807190453125 0.1951347296875 0.1548975359375 0.143627434375 0.138671875 0.1279296875 0.12447879531249999 0.2295297953125
0 0.0263671875 0.3359375 0.0439453125 0.337890625 0.044921875 0.3447265625 0.0537109375 0.34765625 0.1455078125 0.3125 0.1630859375 0.3125 0.1640625 0.3017578125 0.1318359375 0.296875 0.1240234375 0.275390625 0.115234375 0.2783203125 0.12109375 0.2822265625 0.1181640625 0.287109375 0.1103515625 0.287109375 0.111328125 0.2783203125 0.1005859375 0.2734375 0.0849609375 0.27734375 0.0810546875 0.287109375 0.0302734375 0.296875 0.015625 0.3642578125 0.0234375 0.3662109375 0.025390625 0.3564453125 0.04296875 0.3466796875 0.0244140625 0.341796875 0.0263671875 0.3359375
0 0.07421875 0.3935546875 0.078125 0.3720703125 0.0673828125 0.36328125 0.0595703125 0.37109375 0.0205078125 0.369140625 0.015625 0.3740234375 0.001953125 0.4814453125 0.013671875 0.4697265625 0.009765625 0.4638671875 0.04296875 0.4345703125 0.07421875 0.3935546875
0 0.25 0.4072265625 0.248046875 0.3896484375 0.2392578125 0.380859375 0.2080078125 0.37890625 0.130859375 0.3896484375 0.1328125 0.3994140625 0.150390625 0.4130859375 0.1640625 0.4677734375 0.16796875 0.5380859375 0.17578125 0.5537109375 0.185546875 0.5576171875 0.26171875 0.4833984375 0.2509765625 0.46484375 0.224609375 0.4580078125 0.25 0.4072265625
0 0.23828125 0.2373046875 0.2314453125 0.220703125 0.2021484375 0.234375 0.181640625 0.2568359375 0.166015625 0.2939453125 0.140625 0.3076171875 0.1533203125 0.314453125 0.197265625 0.3173828125 0.2275390625 0.3125 0.244140625 0.2978515625 0.236328125 0.2607421875 0.23828125 0.2373046875
0 0.494140625 0.2978515625 0.49609375 0.2724609375 0.4814453125 0.265625 0.4345703125 0.265625 0.4111328125 0.2734375 0.4140625 0.2353515625 0.3935546875 0.224609375 0.3681640625 0.224609375 0.3505859375 0.23828125 0.3349609375 0.240234375 0.326171875 0.2529296875 0.326171875 0.2822265625 0.3359375 0.2998046875 0.357421875 0.3173828125 0.365234375 0.3427734375 0.3916015625 0.36328125 0.43359375 0.3642578125 0.4794921875 0.353515625 0.49609375 0.3427734375 0.501953125 0.3310546875 0.494140625 0.2978515625
0 0.4501953125 0.162109375 0.427734375 0.1904296875 0.427734375 0.2197265625 0.419921875 0.2275390625 0.4208984375 0.232421875 0.455078125 0.2314453125 0.47265625 0.2255859375 0.470703125 0.1767578125 0.4619140625 0.162109375 0.4501953125 0.162109375
0 0.4794921875 0.4375 0.3837890625 0.42578125 0.3408203125 0.435546875 0.2890625 0.4677734375 0.30078125 0.4990234375 0.3330078125 0.525390625 0.3662109375 0.533203125 0.4609375 0.5341796875 0.4853515625 0.5234375 0.498046875 0.5048828125 0.49609375 0.4619140625 0.4794921875 0.4375
0 0.2099609375 0.57421875 0.1953125 0.5927734375 0.193359375 0.6455078125 0.2119140625 0.673828125 0.25 0.6904296875 0.259765625 0.6767578125 0.251953125 0.6083984375 0.2353515625 0.583984375 0.2099609375 0.57421875
0 0.2470703125 0.751953125 0.2314453125 0.744140625 0.2119140625 0.744140625 0.1689453125 0.7578125 0.1494140625 0.7578125 0.1162109375 0.748046875 0.103515625 0.7587890625 0.123046875 0.8427734375 0.138671875 0.8720703125 0.1533203125 0.87890625 0.169921875 0.8779296875 0.212890625 0.8173828125 0.25390625 0.7841796875 0.259765625 0.7626953125 0.2470703125 0.751953125
0 0.1865234375 0.89453125 0.15625 0.9462890625 0.1630859375 0.953125 0.27734375 0.9677734375 0.283203125 0.9150390625 0.2705078125 0.896484375 0.2529296875 0.892578125 0.1865234375 0.89453125
0 0.4228515625 0.76171875 0.2978515625 0.759765625 0.287109375 0.7783203125 0.287109375 0.8056640625 0.302734375 0.8544921875 0.3251953125 0.88671875 0.3408203125 0.89453125 0.365234375 0.8935546875 0.4052734375 0.8828125 0.439453125 0.8447265625 0.44921875 0.7783203125 0.4228515625 0.76171875
0 0.4521484375 0.89453125 0.4404296875 0.88671875 0.4208984375 0.88671875 0.412109375 0.9208984375 0.4140625 0.9501953125 0.4287109375 0.96875 0.455078125 0.9716796875 0.474609375 0.9580078125 0.4765625 0.9326171875 0.466796875 0.9091796875 0.4521484375 0.89453125
0 0.2919921875 0.68359375 0.28515625 0.6962890625 0.291015625 0.7255859375 0.30078125 0.7294921875 0.322265625 0.7060546875 0.3203125 0.6904296875 0.3095703125 0.68359375 0.2919921875 0.68359375
0 0.541015625 0.7216796875 0.541015625 0.7099609375 0.5224609375 0.689453125 0.4814453125 0.68359375 0.47265625 0.7001953125 0.494140625 0.7333984375 0.4921875 0.7705078125 0.4833984375 0.78125 0.4638671875 0.787109375 0.4609375 0.7958984375 0.4833984375 0.80859375 0.4921875 0.8076171875 0.509765625 0.7939453125 0.52734375 0.7568359375 0.52734375 0.7392578125 0.541015625 0.7216796875
0 0.5400390625 0.541015625 0.5224609375 0.537109375 0.505859375 0.5693359375 0.505859375 0.6044921875 0.5283203125 0.630859375 0.54296875 0.6318359375 0.552734375 0.6259765625 0.556640625 0.6123046875 0.552734375 0.5556640625 0.5400390625 0.541015625
0 0.6904296875 0.5703125 0.6533203125 0.5625 0.6357421875 0.572265625 0.5986328125 0.576171875 0.576171875 0.5927734375 0.57421875 0.6123046875 0.58984375 0.6572265625 0.6044921875 0.673828125 0.626953125 0.6767578125 0.6611328125 0.65625 0.689453125 0.6220703125 0.69921875 0.5966796875 0.6904296875 0.5703125
0 0.716796875 0.3916015625 0.6923828125 0.3671875 0.6591796875 0.357421875 0.6376953125 0.359375 0.615234375 0.3798828125 0.611328125 0.4091796875 0.623046875 0.4482421875 0.63671875 0.4619140625 0.640625 0.4755859375 0.6640625 0.4775390625 0.6826171875 0.470703125 0.6953125 0.4560546875 0.70703125 0.4345703125 0.716796875 0.3916015625
0 0.5400390625 0.373046875 0.5244140625 0.361328125 0.49609375 0.3642578125 0.498046875 0.3818359375 0.5263671875 0.416015625 0.568359375 0.4208984375 0.587890625 0.3994140625 0.587890625 0.3876953125 0.5810546875 0.380859375 0.5400390625 0.373046875
0 0.6025390625 0.451171875 0.5849609375 0.453125 0.560546875 0.4755859375 0.5546875 0.5009765625 0.5693359375 0.52734375 0.615234375 0.5322265625 0.630859375 0.5224609375 0.634765625 0.4775390625 0.6201171875 0.470703125 0.6025390625 0.451171875
0 0.865234375 0.4833984375 0.8544921875 0.47265625 0.8271484375 0.470703125 0.8212890625 0.4765625 0.8095703125 0.470703125 0.798828125 0.4423828125 0.7841796875 0.439453125 0.748046875 0.4541015625 0.740234375 0.5068359375 0.759765625 0.5185546875 0.75390625 0.5537109375 0.765625 0.5712890625 0.7822265625 0.580078125 0.80859375 0.5830078125 0.826171875 0.5732421875 0.828125 0.5498046875 0.853515625 0.5185546875 0.865234375 0.4833984375
0 1 0.4970703125 0.9814453125 0.484375 0.9638671875 0.484375 0.955078125 0.5068359375 0.962890625 0.5400390625 0.9736328125 0.55859375 0.994140625 0.5615234375 1 0.5439453125 1 0.4970703125
0 0.71875 0.7470703125 0.6845703125 0.716796875 0.6708984375 0.71484375 0.650390625 0.7333984375 0.650390625 0.7841796875 0.642578125 0.7919921875 0.65234375 0.8134765625 0.6767578125 0.837890625 0.6884765625 0.84765625 0.708984375 0.8486328125 0.7275390625 0.837890625 0.736328125 0.8251953125 0.73046875 0.7744140625 0.71875 0.7470703125
0 0.7138671875 0.65234375 0.703125 0.6748046875 0.7109375 0.7177734375 0.7265625 0.7451171875 0.744140625 0.7548828125 0.763671875 0.7353515625 0.765625 0.7001953125 0.7529296875 0.6796875 0.7138671875 0.65234375
0 0.8095703125 0.779296875 0.80078125 0.7841796875 0.7890625 0.8095703125 0.791015625 0.8388671875 0.8046875 0.8623046875 0.8232421875 0.87890625 0.8408203125 0.888671875 0.857421875 0.8876953125 0.869140625 0.8642578125 0.873046875 0.8095703125 0.8388671875 0.783203125 0.8095703125 0.779296875
0 0.5439453125 0.767578125 0.537109375 0.7763671875 0.5390625 0.7900390625 0.5537109375 0.802734375 0.56640625 0.8017578125 0.5771484375 0.79296875 0.5869140625 0.794921875 0.59375 0.7783203125 0.5439453125 0.767578125
0 0.548828125 0.6689453125 0.548828125 0.6865234375 0.564453125 0.6865234375 0.57421875 0.6767578125 0.57421875 0.6611328125 0.5576171875 0.658203125 0.548828125 0.6689453125
0 0.4208984375 0.705078125 0.408203125 0.7177734375 0.408203125 0.7314453125 0.423828125 0.7373046875 0.44140625 0.7236328125 0.44140625 0.7099609375 0.4345703125 0.705078125 0.4208984375 0.705078125