0 0.302734375 0.0419921875 0.2978515625 0 0.1201171875 0.00390625 0.091796875 0.0224609375 0.080078125 0.0517578125 0.0908203125 0.060546875 0.1083984375 0.060546875 0.1357421875 0.04296875 0.1513671875 0.04296875 0.1630859375 0.05078125 0.1806640625 0.04296875 0.2021484375 0.04296875 0.2197265625 0.05078125 0.2431640625 0.048828125 0.265625 0.0673828125 0.2734375 0.0654296875 0.2763671875 0.052734375 0.2958984375 0.05078125 0.302734375 0.0419921875
0 0.16015625 0.2275390625 0.1630859375 0.220703125 0.1826171875 0.22265625 0.185546875 0.2275390625 0.1796875 0.2314453125 0.1845703125 0.234375 0.1982421875 0.232421875 0.1923828125 0.22265625 0.2060546875 0.224609375 0.2587890625 0.193359375 0.2841796875 0.16796875 0.2978515625 0.1640625 0.310546875 0.1474609375 0.298828125 0.1044921875 0.2666015625 0.107421875 0.2587890625 0.1171875 0.2373046875 0.1171875 0.234375 0.1357421875 0.2177734375 0.158203125 0.1669921875 0.17578125 0.1337890625 0.17578125 0.1162109375 0.1640625 0.0830078125 0.162109375 0.0693359375 0.193359375 0.0302734375 0.208984375 0.009765625 0.2294921875 0.0126953125 0.234375 0.0458984375 0.234375 0.0634765625 0.244140625 0.0849609375 0.240234375 0.0947265625 0.248046875 0.103515625 0.2470703125 0.1103515625 0.2421875 0.1552734375 0.240234375 0.171875 0.2314453125 0.16015625 0.2275390625
0 0.28515625 0.3095703125 0.287109375 0.2880859375 0.28125 0.2763671875 0.2666015625 0.2734375 0.2529296875 0.28515625 0.2197265625 0.2890625 0.1865234375 0.263671875 0.1669921875 0.2578125 0.1123046875 0.255859375 0.0908203125 0.271484375 0.0673828125 0.27734375 0.0458984375 0.259765625 0 0.2548828125 0.0009765625 0.375 0.0283203125 0.375 0.0537109375 0.361328125 0.0751953125 0.369140625 0.0966796875 0.392578125 0.14453125 0.3935546875 0.1923828125 0.37890625 0.2197265625 0.361328125 0.2490234375 0.3515625 0.28515625 0.3095703125
0 0 0.7314453125 0.0263671875 0.751953125 0.046875 0.7529296875 0.0751953125 0.74609375 0.103515625 0.7255859375 0.150390625 0.6376953125 0.14453125 0.6044921875 0.099609375 0.5478515625 0.10546875 0.4892578125 0.1015625 0.4775390625 0.0908203125 0.47265625 0.0712890625 0.4765625 0.0185546875 0.521484375 0 0.5263671875 0 0.7314453125
0 0 0.4853515625 0.017578125 0.4853515625 0.03125 0.4755859375 0.048828125 0.4404296875 0.048828125 0.4169921875 0.0439453125 0.412109375 0.0224609375 0.412109375 0 0.4208984375 0 0.4853515625
0 0.240234375 0.4755859375 0.2568359375 0.47265625 0.263671875 0.4599609375 0.26171875 0.4150390625 0.2236328125 0.39453125 0.2177734375 0.39453125 0.1923828125 0.423828125 0.1533203125 0.41796875 0.140625 0.4287109375 0.1484375 0.4638671875 0.166015625 0.4931640625 0.16796875 0.5224609375 0.1806640625 0.533203125 0.197265625 0.5341796875 0.2197265625 0.533203125 0.234375 0.5205078125 0.240234375 0.5107421875 0.240234375 0.4755859375
0 0.1494140625 0.7265625 0.1142578125 0.728515625 0.0888671875 0.7421875 0.08203125 0.7529296875 0.08203125 0.8212890625 0.0908203125 0.830078125 0.103515625 0.8291015625 0.1298828125 0.8203125 0.162109375 0.7841796875 0.1640625 0.7470703125 0.1494140625 0.7265625
0 0.31640625 0.7138671875 0.3125 0.7001953125 0.2978515625 0.685546875 0.2822265625 0.685546875 0.244140625 0.7119140625 0.21484375 0.7783203125 0.216796875 0.7919921875 0.2412109375 0.8125 0.26171875 0.8134765625 0.2998046875 0.787109375 0.310546875 0.7705078125 0.30859375 0.7353515625 0.31640625 0.7138671875
0 0.2666015625 0.6171875 0.2607421875 0.615234375 0.2197265625 0.640625 0.20703125 0.6572265625 0.201171875 0.6767578125 0.205078125 0.6943359375 0.2158203125 0.7109375 0.2265625 0.7119140625 0.255859375 0.6845703125 0.271484375 0.6533203125 0.271484375 0.6240234375 0.2666015625 0.6171875
0 0.3681640625 0.55078125 0.3486328125 0.529296875 0.3193359375 0.5234375 0.2890625 0.5556640625 0.294921875 0.5966796875 0.3447265625 0.654296875 0.369140625 0.6552734375 0.392578125 0.6318359375 0.412109375 0.5810546875 0.3935546875 0.560546875 0.3681640625 0.55078125
0 0.3857421875 0.33984375 0.3271484375 0.33984375 0.30078125 0.3642578125 0.30859375 0.4130859375 0.3310546875 0.44921875 0.361328125 0.4560546875 0.388671875 0.4267578125 0.40625 0.3876953125 0.40625 0.3642578125 0.3857421875 0.33984375
0 0.4189453125 0.1953125 0.42578125 0.1865234375 0.42578125 0.1630859375 0.4189453125 0.15234375 0.3935546875 0.15234375 0.3837890625 0.158203125 0.37109375 0.1708984375 0.3671875 0.2021484375 0.341796875 0.2119140625 0.333984375 0.2451171875 0.3466796875 0.25390625 0.36328125 0.2529296875 0.3935546875 0.2421875 0.40625 0.2275390625 0.3984375 0.1982421875 0.4189453125 0.1953125
0 0.4267578125 0.443359375 0.4033203125 0.435546875 0.3896484375 0.44921875 0.37109375 0.4541015625 0.369140625 0.5029296875 0.3916015625 0.517578125 0.42578125 0.5166015625 0.4384765625 0.498046875 0.45703125 0.4892578125 0.45703125 0.4833984375 0.4267578125 0.443359375
0 0.4716796875 0.533203125 0.4541015625 0.53515625 0.435546875 0.5556640625 0.427734375 0.6142578125 0.4365234375 0.625 0.453125 0.6240234375 0.4697265625 0.61328125 0.48046875 0.5966796875 0.482421875 0.5615234375 0.4716796875 0.533203125
0 0.3701171875 0.77734375 0.3818359375 0.77734375 0.3916015625 0.7890625 0.404296875 0.7880859375 0.419921875 0.7724609375 0.4130859375 0.7578125 0.365234375 0.7587890625 0.3701171875 0.77734375
0 0.46875 0.7314453125 0.48828125 0.7138671875 0.49609375 0.6923828125 0.4873046875 0.68359375 0.4443359375 0.68359375 0.427734375 0.7021484375 0.4296875 0.7177734375 0.4453125 0.7392578125 0.4375 0.7529296875 0.439453125 0.7744140625 0.4453125 0.7900390625 0.4599609375 0.8046875 0.46875 0.8056640625 0.494140625 0.7958984375 0.466796875 0.7744140625 0.466796875 0.7587890625 0.46875 0.7314453125
0 0.431640625 0.6943359375 0.427734375 0.7138671875 0.4365234375 0.728515625 0.47265625 0.7275390625 0.49609375 0.7001953125 0.4912109375 0.685546875 0.4462890625 0.68359375 0.431640625 0.6943359375
0 0.4794921875 0.369140625 0.4384765625 0.369140625 0.43359375 0.3740234375 0.43359375 0.3974609375 0.4462890625 0.412109375 0.490234375 0.4111328125 0.5234375 0.3798828125 0.5224609375 0.36328125 0.4951171875 0.359375 0.4794921875 0.369140625
0 0.708984375 0.3037109375 0.708984375 0.2744140625 0.6630859375 0.24609375 0.626953125 0.2509765625 0.6220703125 0.291015625 0.5791015625 0.2734375 0.5380859375 0.2734375 0.537109375 0.2998046875 0.525390625 0.3232421875 0.529296875 0.3486328125 0.5830078125 0.376953125 0.634765625 0.3798828125 0.6533203125 0.37109375 0.669921875 0.3408203125 0.701171875 0.3193359375 0.708984375 0.3037109375
0 0.712890625 0.5087890625 0.708984375 0.4931640625 0.6669921875 0.4609375 0.6005859375 0.44140625 0.5302734375 0.44140625 0.51171875 0.4599609375 0.501953125 0.5068359375 0.505859375 0.5185546875 0.5283203125 0.537109375 0.5810546875 0.548828125 0.65625 0.5517578125 0.6650390625 0.55078125 0.6865234375 0.53125 0.6962890625 0.53125 0.712890625 0.5087890625
0 0.666015625 0.8212890625 0.66015625 0.7900390625 0.5869140625 0.775390625 0.5126953125 0.77734375 0.505859375 0.7861328125 0.50390625 0.8427734375 0.529296875 0.8896484375 0.5712890625 0.91015625 0.599609375 0.9130859375 0.6181640625 0.904296875 0.640625 0.8798828125 0.66015625 0.8427734375 0.666015625 0.8212890625
0 0.64453125 0.7216796875 0.64453125 0.7373046875 0.650390625 0.7490234375 0.66796875 0.7607421875 0.6796875 0.7333984375 0.6796875 0.7158203125 0.6552734375 0.7109375 0.64453125 0.7216796875
0 0.7763671875 0.619140625 0.7431640625 0.626953125 0.724609375 0.6513671875 0.7109375 0.6982421875 0.7109375 0.7216796875 0.7158203125 0.7265625 0.732421875 0.7255859375 0.7587890625 0.716796875 0.78125 0.6884765625 0.78515625 0.6298828125 0.7763671875 0.619140625
0 0.5146484375 0.892578125 0.4951171875 0.892578125 0.4775390625 0.90234375 0.451171875 0.9404296875 0.455078125 0.9599609375 0.4638671875 0.970703125 0.49609375 0.9736328125 0.515625 0.9580078125 0.51953125 0.9423828125 0.521484375 0.8974609375 0.5146484375 0.892578125
0 0.646484375 0.9501953125 0.6474609375 1 0.76953125 0.9990234375 0.75 0.9423828125 0.7314453125 0.93359375 0.6669921875 0.927734375 0.646484375 0.9501953125
0 0.861328125 0.4677734375 0.9248046875 0.4609375 0.927734375 0.4580078125 0.9150390625 0.447265625 0.8857421875 0.44921875 0.8037109375 0.423828125 0.7705078125 0.423828125 0.765625 0.4287109375 0.763671875 0.4599609375 0.779296875 0.4990234375 0.7490234375 0.50390625 0.73828125 0.5146484375 0.73828125 0.5244140625 0.806640625 0.6162109375 0.82421875 0.5927734375 0.8359375 0.5087890625 0.8515625 0.4951171875 0.861328125 0.4677734375
0 0.5888671875 0.173828125 0.578125 0.1884765625 0.5703125 0.2353515625 0.62109375 0.2470703125 0.615234375 0.2333984375 0.619140625 0.2080078125 0.60546875 0.1787109375 0.5888671875 0.173828125
0 0.6572265625 0.14453125 0.63671875 0.1669921875 0.634765625 0.1923828125 0.6533203125 0.21875 0.6767578125 0.23828125 0.685546875 0.2373046875 0.7109375 0.2333984375 0.712890625 0.1533203125 0.6982421875 0.14453125 0.6572265625 0.14453125
0 0.9130859375 0.34765625 0.9072265625 0.337890625 0.8994140625 0.337890625 0.8896484375 0.35546875 0.8681640625 0.3515625 0.849609375 0.3017578125 0.83203125 0.2763671875 0.8154296875 0.265625 0.806640625 0.2685546875 0.7890625 0.3369140625 0.7890625 0.3486328125 0.7978515625 0.357421875 0.8271484375 0.369140625 0.8896484375 0.376953125 1 0.4482421875 0.9990234375 0.37890625 0.9638671875 0.361328125 0.9384765625 0.33984375 0.9130859375 0.34765625
0 0.7919921875 0.80859375 0.7353515625 0.783203125 0.7021484375 0.79296875 0.6953125 0.8017578125 0.69921875 0.8193359375 0.70703125 0.8349609375 0.732421875 0.8564453125 0.763671875 0.9208984375 0.791015625 0.9267578125 0.818359375 0.8994140625 0.8515625 0.8173828125 0.8408203125 0.8046875 0.7919921875 0.80859375
0 0.525390625 0.7373046875 0.5380859375 0.748046875 0.55078125 0.7470703125 0.556640625 0.7294921875 0.548828125 0.7158203125 0.5263671875 0.71484375 0.525390625 0.7373046875
0 0.599609375 0.1318359375 0.6064453125 0.138671875 0.62890625 0.1376953125 0.638671875 0.0927734375 0.6279296875 0.083984375 0.6064453125 0.083984375 0.599609375 0.1318359375
0 1 0.0009765625 0.8115234375 0 0.798828125 0.0224609375 0.8046875 0.1474609375 0.810546875 0.1552734375 0.8046875 0.1650390625 0.8046875 0.2001953125 0.8603515625 0.203125 0.873046875 0.2626953125 0.91796875 0.2841796875 0.921875 0.2021484375 0.931640625 0.1552734375 0.9521484375 0.140625 1 0.1455078125 1 0.0009765625
0 0.6181640625 0.017578125 0.607421875 0.0302734375 0.6171875 0.0712890625 0.625 0.0712890625 0.626953125 0.0556640625 0.65234375 0.0283203125 0.6455078125 0.017578125 0.6181640625 0.017578125
0 0.6845703125 0.12109375 0.7109375 0.1279296875 0.7138671875 0.103515625 0.6826171875 0.1015625 0.67578125 0.1064453125 0.6845703125 0.12109375
0 0.52734375 0.0224609375 0.533203125 0.0244140625 0.568359375 0.0146484375 0.5615234375 0.005859375 0.5224609375 0.005859375 0.52734375 0.0224609375