0 0.450984375 0.9183515625 0.449609375 0.9183515625 0.449609375 0.9205546874999999 0.450984375 0.9205546874999999 0.450984375 0.9183515625
0 0.6259765625 0.953125 0.6435546875 0.951171875 0.6513671875 0.943359375 0.6767578125 0.9375 0.6826171875 0.92578125 0.7001953125 0.919921875 0.72265625 0.8994140625 0.7021484375 0.87109375 0.6494140625 0.853515625 0.5732421875 0.859375 0.5185546875 0.890625 0.5 0.9150390625 0.5263671875 0.94921875 0.556640625 0.9541015625 0.5615234375 0.9453125 0.5869140625 0.943359375 0.6240234375 0.9453125 0.6259765625 0.953125
0 0.5517578125 0.8515625 0.55859375 0.8349609375 0.5537109375 0.828125 0.4697265625 0.828125 0.4384765625 0.841796875 0.4052734375 0.87109375 0.349609375 0.8896484375 0.3603515625 0.900390625 0.38671875 0.8994140625 0.4443359375 0.88671875 0.4873046875 0.869140625 0.5087890625 0.87109375 0.5517578125 0.8515625
0 0.8232421875 0.755859375 0.7802734375 0.755859375 0.7529296875 0.763671875 0.736328125 0.7763671875 0.7431640625 0.7890625 0.7724609375 0.7890625 0.7822265625 0.798828125 0.8203125 0.8056640625 0.8349609375 0.802734375 0.841796875 0.7919921875 0.83984375 0.7705078125 0.8232421875 0.755859375
0 0.544921875 0.7646484375 0.5517578125 0.775390625 0.5927734375 0.787109375 0.640625 0.7861328125 0.7392578125 0.744140625 0.73828125 0.7275390625 0.7041015625 0.72265625 0.544921875 0.7646484375
0 0.5322265625 0.689453125 0.4951171875 0.69140625 0.453125 0.7119140625 0.4560546875 0.724609375 0.4697265625 0.724609375 0.4833984375 0.740234375 0.490234375 0.7392578125 0.5341796875 0.724609375 0.556640625 0.7099609375 0.556640625 0.7001953125 0.5322265625 0.689453125
0 0.2900390625 0.802734375 0.287109375 0.8232421875 0.3046875 0.8232421875 0.3369140625 0.81640625 0.33984375 0.8017578125 0.3212890625 0.791015625 0.2900390625 0.802734375
0 0.265625 0.7314453125 0.2666015625 0.736328125 0.279296875 0.7353515625 0.3505859375 0.712890625 0.3515625 0.7060546875 0.3173828125 0.70703125 0.265625 0.7314453125
0 0.3583984375 0.65234375 0.3525390625 0.646484375 0.310546875 0.6591796875 0.3125 0.6748046875 0.3291015625 0.6953125 0.361328125 0.6943359375 0.4052734375 0.6796875 0.408203125 0.6650390625 0.3837890625 0.650390625 0.3583984375 0.65234375
0 0.6416015625 0.568359375 0.6123046875 0.576171875 0.595703125 0.5888671875 0.5986328125 0.59375 0.6171875 0.5947265625 0.6728515625 0.5859375 0.6796875 0.5732421875 0.6669921875 0.56640625 0.6416015625 0.568359375
0 0.666015625 0.6904296875 0.6708984375 0.701171875 0.6796875 0.7001953125 0.7158203125 0.693359375 0.73046875 0.6845703125 0.7216796875 0.67578125 0.666015625 0.6904296875
0 0.369140625 0.6240234375 0.3740234375 0.634765625 0.384765625 0.6337890625 0.4111328125 0.626953125 0.4140625 0.6162109375 0.4013671875 0.61328125 0.369140625 0.6240234375
0 0.302734375 0.4931640625 0.3037109375 0.498046875 0.31640625 0.4970703125 0.3583984375 0.48828125 0.359375 0.4794921875 0.3310546875 0.478515625 0.302734375 0.4931640625
0 0.39453125 0.5751953125 0.3974609375 0.5859375 0.4140625 0.5849609375 0.4462890625 0.578125 0.453125 0.5712890625 0.4208984375 0.56640625 0.39453125 0.5751953125
0 0.7080078125 0.48046875 0.7265625 0.4814453125 0.7275390625 0.458984375 0.70703125 0.4638671875 0.703125 0.4755859375 0.7080078125 0.48046875
0 0.4814453125 0.50390625 0.474609375 0.5126953125 0.484375 0.5185546875 0.5341796875 0.5078125 0.55078125 0.4931640625 0.5400390625 0.490234375 0.4814453125 0.50390625
0 0.4130859375 0.47265625 0.427734375 0.4716796875 0.482421875 0.4501953125 0.4697265625 0.447265625 0.412109375 0.4638671875 0.4130859375 0.47265625